Gen	np	tree	tau_6T3T1T4T5T2	tau_7T3T1T4T5	tau_8T1T4T5
100	2	1100	0.000000	0.000000
200	3	1110	0.000000	0.000000	0.000000
300	2	1100	0.000000	0.000000
400	3	1110	0.000000	0.000000	0.000000
500	2	1100	0.000000	0.000000
600	2	1100	0.000000	0.000000
700	3	1110	0.000000	0.000000	0.000000
800	4	1111	0.000000	0.000000	0.000000	0.000000
900	3	1110	0.000000	0.000000	0.000000
1000	2	1100	0.000000	0.000000
1100	1	1000	0.000000
1200	4	1111	0.000000	0.000000	0.000000	0.000000
1300	3	1110	0.000000	0.000000	0.000000
1400	0	0000
1500	0	0000
1600	1	1000	0.000000
1700	0	0000
1800	1	1000	0.000000
1900	2	1100	0.000000	0.000000
2000	4	1111	0.000000	0.000000	0.000000	0.000000
2100	0	0000
2200	4	1111	0.000000	0.000000	0.000000	0.000000
2300	2	1100	0.000000	0.000000
2400	2	1100	0.000000	0.000000
2500	0	0000
2600	0	0000
2700	1	1000	0.000000
2800	4	1111	0.000000	0.000000	0.000000	0.000000
2900	0	0000
3000	1	1000	0.000000
3100	3	1110	0.000000	0.000000	0.000000
3200	4	1111	0.000000	0.000000	0.000000	0.000000
3300	3	1110	0.000000	0.000000	0.000000
3400	4	1111	0.000000	0.000000	0.000000	0.000000
3500	3	1110	0.000000	0.000000	0.000000
3600	2	1100	0.000000	0.000000
3700	3	1110	0.000000	0.000000	0.000000
3800	2	1100	0.000000	0.000000
3900	1	1000	0.000000
4000	0	0000
4100	1	1000	0.000000
4200	3	1110	0.000000	0.000000	0.000000
4300	2	1100	0.000000	0.000000
4400	3	1110	0.000000	0.000000	0.000000
4500	2	1100	0.000000	0.000000
4600	4	1111	0.000000	0.000000	0.000000	0.000000
4700	1	1000	0.000000
4800	4	1111	0.000000	0.000000	0.000000	0.000000
4900	4	1111	0.000000	0.000000	0.000000	0.000000
5000	1	1000	0.000000
5100	2	1100	0.000000	0.000000
5200	3	1110	0.000001	0.000000	0.000000
5300	2	1100	0.000000	0.000000
5400	0	0000
5500	2	1100	0.000000	0.000000
5600	0	0000
5700	4	1111	0.000000	0.000000	0.000000	0.000000
5800	2	1100	0.000000	0.000000
5900	2	1100	0.000000	0.000000
6000	1	1000	0.000000
6100	4	1111	0.000000	0.000000	0.000000	0.000000
6200	2	1100	0.000000	0.000000
6300	4	1111	0.000000	0.000000	0.000000	0.000000
6400	2	1100	0.000000	0.000000
6500	2	1100	0.000000	0.000000
6600	1	1000	0.000000
6700	0	0000
6800	4	1111	0.000000	0.000000	0.000000	0.000000
6900	0	0000
7000	0	0000
7100	4	1111	0.000000	0.000000	0.000000	0.000000
7200	4	1111	0.000000	0.000000	0.000000	0.000000
7300	4	1111	0.000000	0.000000	0.000000	0.000000
7400	1	1000	0.000000
7500	4	1111	0.000000	0.000000	0.000000	0.000000
7600	4	1111	0.000000	0.000000	0.000000	0.000000
7700	1	1000	0.000000
7800	3	1110	0.000000	0.000000	0.000000
7900	2	1100	0.000000	0.000000
8000	4	1111	0.000000	0.000000	0.000000	0.000000
8100	3	1110	0.000000	0.000000	0.000000
8200	2	1100	0.000000	0.000000
8300	0	0000
8400	4	1111	0.000000	0.000000	0.000000	0.000000
8500	3	1110	0.000000	0.000000	0.000000
8600	1	1000	0.000000
8700	3	1110	0.000000	0.000000	0.000000
8800	2	1100	0.000000	0.000000
8900	0	0000
9000	2	1100	0.000000	0.000000
9100	2	1100	0.000000	0.000000
9200	0	0000
9300	1	1000	0.000000
9400	0	0000
9500	4	1111	0.000000	0.000000	0.000000	0.000000
9600	4	1111	0.000000	0.000000	0.000000	0.000000
9700	1	1000	0.000000
9800	0	0000
9900	3	1110	0.000000	0.000000	0.000000
10000	2	1100	0.000000	0.000000
10100	2	1100	0.000000	0.000000
10200	4	1111	0.000000	0.000000	0.000000	0.000000
10300	3	1110	0.000000	0.000000	0.000000
10400	0	0000
10500	3	1110	0.000000	0.000000	0.000000
10600	2	1100	0.000000	0.000000
10700	1	1000	0.000000
10800	4	1111	0.000000	0.000000	0.000000	0.000000
10900	1	1000	0.000000
11000	3	1110	0.000000	0.000000	0.000000
11100	4	1111	0.000000	0.000000	0.000000	0.000000
11200	0	0000
11300	1	1000	0.000000
11400	0	0000
11500	0	0000
11600	2	1100	0.000000	0.000000
11700	4	1111	0.000000	0.000000	0.000000	0.000000
11800	1	1000	0.000000
11900	3	1110	0.000000	0.000000	0.000000
12000	0	0000
12100	1	1000	0.000000
12200	4	1111	0.000000	0.000000	0.000000	0.000000
12300	4	1111	0.000000	0.000000	0.000000	0.000000
12400	3	1110	0.000000	0.000000	0.000000
12500	4	1111	0.000000	0.000000	0.000000	0.000000
12600	1	1000	0.000000
12700	1	1000	0.000000
12800	4	1111	0.000000	0.000000	0.000000	0.000000
12900	3	1110	0.000000	0.000000	0.000000
13000	4	1111	0.000000	0.000000	0.000000	0.000000
13100	2	1100	0.000000	0.000000
13200	1	1000	0.000000
13300	1	1000	0.000000
13400	4	1111	0.000000	0.000000	0.000000	0.000000
13500	0	0000
13600	4	1111	0.000000	0.000000	0.000000	0.000000
13700	2	1100	0.000000	0.000000
13800	1	1000	0.000000
13900	0	0000
14000	1	1000	0.000000
14100	0	0000
14200	4	1111	0.000000	0.000000	0.000000	0.000000
14300	2	1100	0.000000	0.000000
14400	1	1000	0.000000
14500	4	1111	0.000000	0.000000	0.000000	0.000000
14600	0	0000
14700	4	1111	0.000000	0.000000	0.000000	0.000000
14800	2	1100	0.000000	0.000000
14900	0	0000
15000	3	1110	0.000000	0.000000	0.000000
15100	0	0000
15200	0	0000
15300	3	1110	0.000000	0.000000	0.000000
15400	3	1110	0.000000	0.000000	0.000000
15500	3	1110	0.000000	0.000000	0.000000
15600	4	1111	0.000000	0.000000	0.000000	0.000000
15700	1	1000	0.000000
15800	1	1000	0.000000
15900	1	1000	0.000000
16000	3	1110	0.000000	0.000000	0.000000
16100	2	1100	0.000000	0.000000
16200	3	1110	0.000001	0.000000	0.000000
16300	1	1000	0.000000
16400	1	1000	0.000000
16500	4	1111	0.000000	0.000000	0.000000	0.000000
16600	1	1000	0.000000
16700	1	1000	0.000000
16800	4	1111	0.000000	0.000000	0.000000	0.000000
16900	1	1000	0.000000
17000	3	1110	0.000000	0.000000	0.000000
17100	4	1111	0.000000	0.000000	0.000000	0.000000
17200	1	1000	0.000000
17300	1	1000	0.000000
17400	0	0000
17500	0	0000
17600	4	1111	0.000000	0.000000	0.000000	0.000000
17700	4	1111	0.000000	0.000000	0.000000	0.000000
17800	4	1111	0.000000	0.000000	0.000000	0.000000
17900	3	1110	0.000000	0.000000	0.000000
18000	1	1000	0.000000
18100	3	1110	0.000000	0.000000	0.000000
18200	0	0000
18300	3	1110	0.000000	0.000000	0.000000
18400	2	1100	0.000000	0.000000
18500	0	0000
18600	1	1000	0.000000
18700	4	1111	0.000000	0.000000	0.000000	0.000000
18800	1	1000	0.000000
18900	2	1100	0.000000	0.000000
19000	4	1111	0.000000	0.000000	0.000000	0.000000
19100	1	1000	0.000000
19200	1	1000	0.000000
19300	0	0000
19400	2	1100	0.000000	0.000000
19500	2	1100	0.000000	0.000000
19600	1	1000	0.000000
19700	0	0000
19800	4	1111	0.000000	0.000000	0.000000	0.000000
19900	4	1111	0.000000	0.000000	0.000000	0.000000
20000	3	1110	0.000000	0.000000	0.000000
20100	1	1000	0.000000
20200	1	1000	0.000000
20300	1	1000	0.000000
20400	2	1100	0.000000	0.000000
20500	2	1100	0.000000	0.000000
20600	1	1000	0.000000
20700	4	1111	0.000000	0.000000	0.000000	0.000000
20800	3	1110	0.000000	0.000000	0.000000
20900	1	1000	0.000000
21000	0	0000
21100	0	0000
21200	1	1000	0.000000
21300	2	1100	0.000000	0.000000
21400	1	1000	0.000000
21500	0	0000
21600	0	0000
21700	2	1100	0.000000	0.000000
21800	1	1000	0.000000
21900	0	0000
22000	2	1100	0.000000	0.000000
22100	0	0000
22200	4	1111	0.000000	0.000000	0.000000	0.000000
22300	2	1100	0.000000	0.000000
22400	2	1100	0.000000	0.000000
22500	2	1100	0.000000	0.000000
22600	0	0000
22700	4	1111	0.000000	0.000000	0.000000	0.000000
22800	0	0000
22900	0	0000
23000	2	1100	0.000000	0.000000
23100	3	1110	0.000000	0.000000	0.000000
23200	2	1100	0.000000	0.000000
23300	4	1111	0.000000	0.000000	0.000000	0.000000
23400	1	1000	0.000000
23500	4	1111	0.000000	0.000000	0.000000	0.000000
23600	2	1100	0.000000	0.000000
23700	3	1110	0.000000	0.000000	0.000000
23800	1	1000	0.000000
23900	0	0000
24000	3	1110	0.000000	0.000000	0.000000
24100	4	1111	0.000000	0.000000	0.000000	0.000000
24200	3	1110	0.000001	0.000000	0.000000
24300	1	1000	0.000000
24400	2	1100	0.000000	0.000000
24500	4	1111	0.000000	0.000000	0.000000	0.000000
24600	4	1111	0.000000	0.000000	0.000000	0.000000
24700	3	1110	0.000000	0.000000	0.000000
24800	2	1100	0.000000	0.000000
24900	1	1000	0.000000
25000	2	1100	0.000000	0.000000
25100	0	0000
25200	0	0000
25300	1	1000	0.000000
25400	4	1111	0.000000	0.000000	0.000000	0.000000
25500	2	1100	0.000000	0.000000
25600	1	1000	0.000000
25700	1	1000	0.000000
25800	1	1000	0.000000
25900	3	1110	0.000000	0.000000	0.000000
26000	2	1100	0.000000	0.000000
26100	0	0000
26200	1	1000	0.000000
26300	3	1110	0.000000	0.000000	0.000000
26400	0	0000
26500	2	1100	0.000000	0.000000
26600	3	1110	0.000000	0.000000	0.000000
26700	2	1100	0.000000	0.000000
26800	0	0000
26900	2	1100	0.000000	0.000000
27000	3	1110	0.000000	0.000000	0.000000
27100	4	1111	0.000000	0.000000	0.000000	0.000000
27200	2	1100	0.000000	0.000000
27300	4	1111	0.000000	0.000000	0.000000	0.000000
27400	0	0000
27500	4	1111	0.000000	0.000000	0.000000	0.000000
27600	0	0000
27700	1	1000	0.000000
27800	4	1111	0.000000	0.000000	0.000000	0.000000
27900	3	1110	0.000000	0.000000	0.000000
28000	1	1000	0.000000
28100	1	1000	0.000000
28200	1	1000	0.000001
28300	3	1110	0.000000	0.000000	0.000000
28400	1	1000	0.000000
28500	0	0000
28600	3	1110	0.000000	0.000000	0.000000
28700	4	1111	0.000000	0.000000	0.000000	0.000000
28800	0	0000
28900	3	1110	0.000000	0.000000	0.000000
29000	3	1110	0.000000	0.000000	0.000000
29100	1	1000	0.000000
29200	4	1111	0.000000	0.000000	0.000000	0.000000
29300	4	1111	0.000000	0.000000	0.000000	0.000000
29400	3	1110	0.000000	0.000000	0.000000
29500	3	1110	0.000000	0.000000	0.000000
29600	2	1100	0.000000	0.000000
29700	3	1110	0.000000	0.000000	0.000000
29800	1	1000	0.000000
29900	1	1000	0.000000
30000	2	1100	0.000000	0.000000
30100	2	1100	0.000000	0.000000
30200	0	0000
30300	4	1111	0.000000	0.000000	0.000000	0.000000
30400	1	1000	0.000000
30500	0	0000
30600	0	0000
30700	1	1000	0.000000
30800	1	1000	0.000000
30900	3	1110	0.000000	0.000000	0.000000
31000	1	1000	0.000000
31100	4	1111	0.000000	0.000000	0.000000	0.000000
31200	2	1100	0.000000	0.000000
31300	3	1110	0.000000	0.000000	0.000000
31400	0	0000
31500	4	1111	0.000000	0.000000	0.000000	0.000000
31600	3	1110	0.000000	0.000000	0.000000
31700	0	0000
31800	1	1000	0.000000
31900	2	1100	0.000000	0.000000
32000	1	1000	0.000000
32100	3	1110	0.000000	0.000000	0.000000
32200	4	1111	0.000000	0.000000	0.000000	0.000000
32300	3	1110	0.000000	0.000000	0.000000
32400	2	1100	0.000000	0.000000
32500	0	0000
32600	1	1000	0.000000
32700	2	1100	0.000000	0.000000
32800	0	0000
32900	1	1000	0.000000
33000	3	1110	0.000000	0.000000	0.000000
33100	2	1100	0.000000	0.000000
33200	3	1110	0.000000	0.000000	0.000000
33300	0	0000
33400	3	1110	0.000000	0.000000	0.000000
33500	2	1100	0.000000	0.000000
33600	2	1100	0.000000	0.000000
33700	1	1000	0.000000
33800	1	1000	0.000000
33900	4	1111	0.000000	0.000000	0.000000	0.000000
34000	2	1100	0.000000	0.000000
34100	3	1110	0.000000	0.000000	0.000000
34200	3	1110	0.000000	0.000000	0.000000
34300	3	1110	0.000000	0.000000	0.000000
34400	3	1110	0.000000	0.000000	0.000000
34500	0	0000
34600	1	1000	0.000000
34700	0	0000
34800	4	1111	0.000000	0.000000	0.000000	0.000000
34900	1	1000	0.000000
35000	3	1110	0.000000	0.000000	0.000000
35100	1	1000	0.000000
35200	4	1111	0.000000	0.000000	0.000000	0.000000
35300	2	1100	0.000000	0.000000
35400	2	1100	0.000000	0.000000
35500	1	1000	0.000000
35600	3	1110	0.000000	0.000000	0.000000
35700	2	1100	0.000000	0.000000
35800	4	1111	0.000000	0.000000	0.000000	0.000000
35900	1	1000	0.000000
36000	1	1000	0.000001
36100	0	0000
36200	2	1100	0.000000	0.000000
36300	4	1111	0.000000	0.000000	0.000000	0.000000
36400	2	1100	0.000000	0.000000
36500	2	1100	0.000000	0.000000
36600	1	1000	0.000000
36700	4	1111	0.000000	0.000000	0.000000	0.000000
36800	1	1000	0.000000
36900	4	1111	0.000000	0.000000	0.000000	0.000000
37000	4	1111	0.000000	0.000000	0.000000	0.000000
37100	3	1110	0.000000	0.000000	0.000000
37200	2	1100	0.000000	0.000000
37300	0	0000
37400	4	1111	0.000000	0.000000	0.000000	0.000000
37500	1	1000	0.000000
37600	3	1110	0.000000	0.000000	0.000000
37700	0	0000
37800	3	1110	0.000000	0.000000	0.000000
37900	2	1100	0.000000	0.000000
38000	1	1000	0.000000
38100	3	1110	0.000000	0.000000	0.000000
38200	4	1111	0.000000	0.000000	0.000000	0.000000
38300	1	1000	0.000000
38400	4	1111	0.000000	0.000000	0.000000	0.000000
38500	2	1100	0.000000	0.000000
38600	0	0000
38700	4	1111	0.000000	0.000000	0.000000	0.000000
38800	3	1110	0.000000	0.000000	0.000000
38900	1	1000	0.000000
39000	0	0000
39100	4	1111	0.000000	0.000000	0.000000	0.000000
39200	2	1100	0.000000	0.000000
39300	4	1111	0.000000	0.000000	0.000000	0.000000
39400	3	1110	0.000000	0.000000	0.000000
39500	0	0000
39600	4	1111	0.000000	0.000000	0.000000	0.000000
39700	1	1000	0.000000
39800	4	1111	0.000000	0.000000	0.000000	0.000000
39900	1	1000	0.000000
40000	2	1100	0.000000	0.000000
40100	2	1100	0.000000	0.000000
40200	4	1111	0.000000	0.000000	0.000000	0.000000
40300	0	0000
40400	2	1100	0.000000	0.000000
40500	4	1111	0.000000	0.000000	0.000000	0.000000
40600	4	1111	0.000000	0.000000	0.000000	0.000000
40700	0	0000
40800	1	1000	0.000000
40900	0	0000
41000	1	1000	0.000000
41100	0	0000
41200	3	1110	0.000000	0.000000	0.000000
41300	0	0000
41400	1	1000	0.000000
41500	0	0000
41600	1	1000	0.000000
41700	3	1110	0.000000	0.000000	0.000000
41800	1	1000	0.000000
41900	0	0000
42000	1	1000	0.000000
42100	0	0000
42200	1	1000	0.000000
42300	4	1111	0.000001	0.000001	0.000001	0.000001
42400	1	1000	0.000000
42500	1	1000	0.000000
42600	2	1100	0.000000	0.000000
42700	0	0000
42800	0	0000
42900	0	0000
43000	0	0000
43100	0	0000
43200	4	1111	0.000000	0.000000	0.000000	0.000000
43300	3	1110	0.000000	0.000000	0.000000
43400	4	1111	0.000000	0.000000	0.000000	0.000000
43500	1	1000	0.000000
43600	1	1000	0.000000
43700	2	1100	0.000000	0.000000
43800	2	1100	0.000000	0.000000
43900	1	1000	0.000000
44000	3	1110	0.000000	0.000000	0.000000
44100	1	1000	0.000000
44200	0	0000
44300	0	0000
44400	4	1111	0.000000	0.000000	0.000000	0.000000
44500	1	1000	0.000000
44600	3	1110	0.000000	0.000000	0.000000
44700	2	1100	0.000000	0.000000
44800	4	1111	0.000000	0.000000	0.000000	0.000000
44900	2	1100	0.000000	0.000000
45000	1	1000	0.000000
45100	1	1000	0.000000
45200	4	1111	0.000000	0.000000	0.000000	0.000000
45300	4	1111	0.000000	0.000000	0.000000	0.000000
45400	1	1000	0.000000
45500	3	1110	0.000000	0.000000	0.000000
45600	4	1111	0.000000	0.000000	0.000000	0.000000
45700	3	1110	0.000000	0.000000	0.000000
45800	2	1100	0.000000	0.000000
45900	1	1000	0.000000
46000	3	1110	0.000000	0.000000	0.000000
46100	4	1111	0.000000	0.000000	0.000000	0.000000
46200	2	1100	0.000001	0.000000
46300	1	1000	0.000000
46400	3	1110	0.000000	0.000000	0.000000
46500	0	0000
46600	3	1110	0.000000	0.000000	0.000000
46700	1	1000	0.000000
46800	0	0000
46900	0	0000
47000	0	0000
47100	2	1100	0.000000	0.000000
47200	3	1110	0.000000	0.000000	0.000000
47300	3	1110	0.000000	0.000000	0.000000
47400	3	1110	0.000000	0.000000	0.000000
47500	4	1111	0.000000	0.000000	0.000000	0.000000
47600	0	0000
47700	2	1100	0.000000	0.000000
47800	4	1111	0.000000	0.000000	0.000000	0.000000
47900	2	1100	0.000000	0.000000
48000	1	1000	0.000000
48100	1	1000	0.000000
48200	4	1111	0.000000	0.000000	0.000000	0.000000
48300	4	1111	0.000000	0.000000	0.000000	0.000000
48400	1	1000	0.000000
48500	3	1110	0.000000	0.000000	0.000000
48600	2	1100	0.000001	0.000000
48700	2	1100	0.000000	0.000000
48800	1	1000	0.000000
48900	0	0000
49000	0	0000
49100	3	1110	0.000000	0.000000	0.000000
49200	4	1111	0.000000	0.000000	0.000000	0.000000
49300	2	1100	0.000000	0.000000
49400	1	1000	0.000000
49500	0	0000
49600	3	1110	0.000000	0.000000	0.000000
49700	3	1110	0.000000	0.000000	0.000000
49800	3	1110	0.000000	0.000000	0.000000
49900	1	1000	0.000000
50000	2	1100	0.000000	0.000000
50100	2	1100	0.000000	0.000000
50200	3	1110	0.000000	0.000000	0.000000
50300	3	1110	0.000000	0.000000	0.000000
50400	3	1110	0.000000	0.000000	0.000000
50500	1	1000	0.000000
50600	1	1000	0.000000
50700	4	1111	0.000000	0.000000	0.000000	0.000000
50800	3	1110	0.000001	0.000000	0.000000
50900	3	1110	0.000000	0.000000	0.000000
51000	4	1111	0.000000	0.000000	0.000000	0.000000
51100	2	1100	0.000000	0.000000
51200	1	1000	0.000000
51300	1	1000	0.000000
51400	4	1111	0.000000	0.000000	0.000000	0.000000
51500	0	0000
51600	2	1100	0.000000	0.000000
51700	0	0000
51800	3	1110	0.000000	0.000000	0.000000
51900	0	0000
52000	3	1110	0.000000	0.000000	0.000000
52100	0	0000
52200	4	1111	0.000000	0.000000	0.000000	0.000000
52300	0	0000
52400	1	1000	0.000000
52500	0	0000
52600	4	1111	0.000000	0.000000	0.000000	0.000000
52700	1	1000	0.000000
52800	4	1111	0.000000	0.000000	0.000000	0.000000
52900	4	1111	0.000000	0.000000	0.000000	0.000000
53000	3	1110	0.000000	0.000000	0.000000
53100	4	1111	0.000000	0.000000	0.000000	0.000000
53200	0	0000
53300	0	0000
53400	0	0000
53500	0	0000
53600	1	1000	0.000000
53700	4	1111	0.000000	0.000000	0.000000	0.000000
53800	1	1000	0.000000
53900	0	0000
54000	1	1000	0.000000
54100	2	1100	0.000000	0.000000
54200	4	1111	0.000000	0.000000	0.000000	0.000000
54300	2	1100	0.000000	0.000000
54400	2	1100	0.000000	0.000000
54500	4	1111	0.000000	0.000000	0.000000	0.000000
54600	4	1111	0.000000	0.000000	0.000000	0.000000
54700	1	1000	0.000000
54800	0	0000
54900	1	1000	0.000000
55000	0	0000
55100	2	1100	0.000000	0.000000
55200	2	1100	0.000000	0.000000
55300	3	1110	0.000000	0.000000	0.000000
55400	0	0000
55500	2	1100	0.000000	0.000000
55600	1	1000	0.000000
55700	1	1000	0.000000
55800	1	1000	0.000000
55900	4	1111	0.000000	0.000000	0.000000	0.000000
56000	1	1000	0.000000
56100	2	1100	0.000000	0.000000
56200	1	1000	0.000000
56300	4	1111	0.000000	0.000000	0.000000	0.000000
56400	4	1111	0.000000	0.000000	0.000000	0.000000
56500	4	1111	0.000000	0.000000	0.000000	0.000000
56600	3	1110	0.000000	0.000000	0.000000
56700	3	1110	0.000001	0.000001	0.000000
56800	3	1110	0.000000	0.000000	0.000000
56900	1	1000	0.000000
57000	3	1110	0.000000	0.000000	0.000000
57100	2	1100	0.000000	0.000000
57200	0	0000
57300	1	1000	0.000000
57400	4	1111	0.000000	0.000000	0.000000	0.000000
57500	1	1000	0.000000
57600	1	1000	0.000000
57700	4	1111	0.000000	0.000000	0.000000	0.000000
57800	4	1111	0.000001	0.000001	0.000000	0.000000
57900	1	1000	0.000000
58000	2	1100	0.000000	0.000000
58100	2	1100	0.000000	0.000000
58200	3	1110	0.000000	0.000000	0.000000
58300	3	1110	0.000000	0.000000	0.000000
58400	2	1100	0.000000	0.000000
58500	2	1100	0.000000	0.000000
58600	4	1111	0.000000	0.000000	0.000000	0.000000
58700	1	1000	0.000000
58800	3	1110	0.000000	0.000000	0.000000
58900	2	1100	0.000000	0.000000
59000	0	0000
59100	0	0000
59200	1	1000	0.000000
59300	1	1000	0.000000
59400	0	0000
59500	0	0000
59600	1	1000	0.000000
59700	4	1111	0.000000	0.000000	0.000000	0.000000
59800	1	1000	0.000000
59900	4	1111	0.000000	0.000000	0.000000	0.000000
60000	0	0000
60100	4	1111	0.000000	0.000000	0.000000	0.000000
60200	4	1111	0.000000	0.000000	0.000000	0.000000
60300	4	1111	0.000000	0.000000	0.000000	0.000000
60400	2	1100	0.000000	0.000000
60500	2	1100	0.000000	0.000000
60600	1	1000	0.000000
60700	3	1110	0.000001	0.000000	0.000000
60800	4	1111	0.000000	0.000000	0.000000	0.000000
60900	2	1100	0.000000	0.000000
61000	0	0000
61100	0	0000
61200	4	1111	0.000000	0.000000	0.000000	0.000000
61300	0	0000
61400	4	1111	0.000000	0.000000	0.000000	0.000000
61500	2	1100	0.000000	0.000000
61600	2	1100	0.000000	0.000000
61700	4	1111	0.000000	0.000000	0.000000	0.000000
61800	1	1000	0.000000
61900	3	1110	0.000000	0.000000	0.000000
62000	2	1100	0.000000	0.000000
62100	3	1110	0.000000	0.000000	0.000000
62200	3	1110	0.000000	0.000000	0.000000
62300	4	1111	0.000000	0.000000	0.000000	0.000000
62400	2	1100	0.000000	0.000000
62500	0	0000
62600	0	0000
62700	0	0000
62800	1	1000	0.000000
62900	3	1110	0.000000	0.000000	0.000000
63000	3	1110	0.000000	0.000000	0.000000
63100	0	0000
63200	2	1100	0.000000	0.000000
63300	0	0000
63400	2	1100	0.000000	0.000000
63500	0	0000
63600	3	1110	0.000000	0.000000	0.000000
63700	0	0000
63800	2	1100	0.000000	0.000000
63900	2	1100	0.000000	0.000000
64000	3	1110	0.000000	0.000000	0.000000
64100	0	0000
64200	1	1000	0.000000
64300	2	1100	0.000000	0.000000
64400	2	1100	0.000000	0.000000
64500	3	1110	0.000000	0.000000	0.000000
64600	2	1100	0.000000	0.000000
64700	1	1000	0.000000
64800	4	1111	0.000001	0.000001	0.000000	0.000000
64900	3	1110	0.000000	0.000000	0.000000
65000	0	0000
65100	3	1110	0.000000	0.000000	0.000000
65200	4	1111	0.000000	0.000000	0.000000	0.000000
65300	3	1110	0.000000	0.000000	0.000000
65400	0	0000
65500	3	1110	0.000000	0.000000	0.000000
65600	2	1100	0.000000	0.000000
65700	4	1111	0.000000	0.000000	0.000000	0.000000
65800	1	1000	0.000001
65900	4	1111	0.000000	0.000000	0.000000	0.000000
66000	2	1100	0.000000	0.000000
66100	0	0000
66200	0	0000
66300	2	1100	0.000000	0.000000
66400	3	1110	0.000000	0.000000	0.000000
66500	4	1111	0.000000	0.000000	0.000000	0.000000
66600	0	0000
66700	2	1100	0.000000	0.000000
66800	2	1100	0.000001	0.000001
66900	4	1111	0.000000	0.000000	0.000000	0.000000
67000	0	0000
67100	3	1110	0.000000	0.000000	0.000000
67200	1	1000	0.000002
67300	3	1110	0.000000	0.000000	0.000000
67400	1	1000	0.000000
67500	2	1100	0.000000	0.000000
67600	4	1111	0.000000	0.000000	0.000000	0.000000
67700	2	1100	0.000000	0.000000
67800	4	1111	0.000001	0.000000	0.000000	0.000000
67900	2	1100	0.000000	0.000000
68000	1	1000	0.000000
68100	2	1100	0.000000	0.000000
68200	4	1111	0.000000	0.000000	0.000000	0.000000
68300	3	1110	0.000000	0.000000	0.000000
68400	0	0000
68500	1	1000	0.000000
68600	2	1100	0.000000	0.000000
68700	1	1000	0.000000
68800	1	1000	0.000000
68900	3	1110	0.000001	0.000000	0.000000
69000	1	1000	0.000000
69100	4	1111	0.000000	0.000000	0.000000	0.000000
69200	2	1100	0.000000	0.000000
69300	3	1110	0.000000	0.000000	0.000000
69400	4	1111	0.000000	0.000000	0.000000	0.000000
69500	1	1000	0.000000
69600	3	1110	0.000000	0.000000	0.000000
69700	1	1000	0.000000
69800	3	1110	0.000000	0.000000	0.000000
69900	1	1000	0.000000
70000	0	0000
70100	2	1100	0.000000	0.000000
70200	3	1110	0.000000	0.000000	0.000000
70300	1	1000	0.000000
70400	1	1000	0.000000
70500	0	0000
70600	0	0000
70700	3	1110	0.000000	0.000000	0.000000
70800	4	1111	0.000000	0.000000	0.000000	0.000000
70900	1	1000	0.000000
71000	3	1110	0.000000	0.000000	0.000000
71100	3	1110	0.000000	0.000000	0.000000
71200	0	0000
71300	4	1111	0.000000	0.000000	0.000000	0.000000
71400	4	1111	0.000000	0.000000	0.000000	0.000000
71500	4	1111	0.000000	0.000000	0.000000	0.000000
71600	0	0000
71700	1	1000	0.000000
71800	1	1000	0.000000
71900	2	1100	0.000000	0.000000
72000	0	0000
72100	4	1111	0.000000	0.000000	0.000000	0.000000
72200	0	0000
72300	2	1100	0.000000	0.000000
72400	1	1000	0.000000
72500	2	1100	0.000000	0.000000
72600	2	1100	0.000000	0.000000
72700	1	1000	0.000000
72800	2	1100	0.000000	0.000000
72900	2	1100	0.000000	0.000000
73000	3	1110	0.000000	0.000000	0.000000
73100	4	1111	0.000000	0.000000	0.000000	0.000000
73200	1	1000	0.000001
73300	0	0000
73400	1	1000	0.000000
73500	1	1000	0.000000
73600	2	1100	0.000000	0.000000
73700	3	1110	0.000000	0.000000	0.000000
73800	2	1100	0.000000	0.000000
73900	0	0000
74000	1	1000	0.000000
74100	1	1000	0.000000
74200	1	1000	0.000001
74300	3	1110	0.000000	0.000000	0.000000
74400	3	1110	0.000000	0.000000	0.000000
74500	2	1100	0.000000	0.000000
74600	4	1111	0.000000	0.000000	0.000000	0.000000
74700	3	1110	0.000000	0.000000	0.000000
74800	4	1111	0.000000	0.000000	0.000000	0.000000
74900	0	0000
75000	2	1100	0.000000	0.000000
75100	4	1111	0.000000	0.000000	0.000000	0.000000
75200	2	1100	0.000000	0.000000
75300	4	1111	0.000000	0.000000	0.000000	0.000000
75400	2	1100	0.000000	0.000000
75500	3	1110	0.000000	0.000000	0.000000
75600	3	1110	0.000000	0.000000	0.000000
75700	4	1111	0.000000	0.000000	0.000000	0.000000
75800	2	1100	0.000000	0.000000
75900	3	1110	0.000000	0.000000	0.000000
76000	3	1110	0.000000	0.000000	0.000000
76100	1	1000	0.000000
76200	3	1110	0.000000	0.000000	0.000000
76300	4	1111	0.000000	0.000000	0.000000	0.000000
76400	2	1100	0.000000	0.000000
76500	1	1000	0.000000
76600	1	1000	0.000000
76700	1	1000	0.000000
76800	4	1111	0.000000	0.000000	0.000000	0.000000
76900	0	0000
77000	4	1111	0.000000	0.000000	0.000000	0.000000
77100	1	1000	0.000000
77200	3	1110	0.000000	0.000000	0.000000
77300	3	1110	0.000000	0.000000	0.000000
77400	0	0000
77500	4	1111	0.000000	0.000000	0.000000	0.000000
77600	0	0000
77700	3	1110	0.000000	0.000000	0.000000
77800	0	0000
77900	3	1110	0.000000	0.000000	0.000000
78000	2	1100	0.000000	0.000000
78100	1	1000	0.000000
78200	2	1100	0.000000	0.000000
78300	1	1000	0.000000
78400	2	1100	0.000000	0.000000
78500	2	1100	0.000000	0.000000
78600	4	1111	0.000000	0.000000	0.000000	0.000000
78700	0	0000
78800	0	0000
78900	0	0000
79000	1	1000	0.000000
79100	1	1000	0.000000
79200	4	1111	0.000000	0.000000	0.000000	0.000000
79300	1	1000	0.000000
79400	1	1000	0.000000
79500	4	1111	0.000000	0.000000	0.000000	0.000000
79600	2	1100	0.000000	0.000000
79700	1	1000	0.000000
79800	1	1000	0.000000
79900	2	1100	0.000000	0.000000
80000	0	0000
80100	4	1111	0.000000	0.000000	0.000000	0.000000
80200	2	1100	0.000000	0.000000
80300	3	1110	0.000000	0.000000	0.000000
80400	3	1110	0.000000	0.000000	0.000000
80500	1	1000	0.000000
80600	3	1110	0.000000	0.000000	0.000000
80700	0	0000
80800	4	1111	0.000000	0.000000	0.000000	0.000000
80900	2	1100	0.000000	0.000000
81000	3	1110	0.000000	0.000000	0.000000
81100	2	1100	0.000000	0.000000
81200	2	1100	0.000000	0.000000
81300	3	1110	0.000000	0.000000	0.000000
81400	1	1000	0.000000
81500	1	1000	0.000000
81600	0	0000
81700	3	1110	0.000000	0.000000	0.000000
81800	2	1100	0.000000	0.000000
81900	2	1100	0.000000	0.000000
82000	4	1111	0.000001	0.000000	0.000000	0.000000
82100	4	1111	0.000000	0.000000	0.000000	0.000000
82200	3	1110	0.000000	0.000000	0.000000
82300	3	1110	0.000000	0.000000	0.000000
82400	2	1100	0.000000	0.000000
82500	0	0000
82600	2	1100	0.000000	0.000000
82700	3	1110	0.000000	0.000000	0.000000
82800	0	0000
82900	2	1100	0.000000	0.000000
83000	3	1110	0.000001	0.000001	0.000000
83100	3	1110	0.000000	0.000000	0.000000
83200	2	1100	0.000000	0.000000
83300	2	1100	0.000000	0.000000
83400	0	0000
83500	0	0000
83600	4	1111	0.000000	0.000000	0.000000	0.000000
83700	2	1100	0.000000	0.000000
83800	3	1110	0.000000	0.000000	0.000000
83900	2	1100	0.000000	0.000000
84000	1	1000	0.000000
84100	1	1000	0.000000
84200	3	1110	0.000000	0.000000	0.000000
84300	1	1000	0.000000
84400	3	1110	0.000000	0.000000	0.000000
84500	4	1111	0.000000	0.000000	0.000000	0.000000
84600	2	1100	0.000000	0.000000
84700	4	1111	0.000000	0.000000	0.000000	0.000000
84800	4	1111	0.000000	0.000000	0.000000	0.000000
84900	0	0000
85000	4	1111	0.000000	0.000000	0.000000	0.000000
85100	0	0000
85200	0	0000
85300	3	1110	0.000000	0.000000	0.000000
85400	2	1100	0.000000	0.000000
85500	1	1000	0.000000
85600	2	1100	0.000000	0.000000
85700	1	1000	0.000000
85800	4	1111	0.000000	0.000000	0.000000	0.000000
85900	0	0000
86000	4	1111	0.000000	0.000000	0.000000	0.000000
86100	1	1000	0.000000
86200	1	1000	0.000000
86300	4	1111	0.000000	0.000000	0.000000	0.000000
86400	2	1100	0.000001	0.000001
86500	3	1110	0.000000	0.000000	0.000000
86600	2	1100	0.000000	0.000000
86700	1	1000	0.000000
86800	3	1110	0.000000	0.000000	0.000000
86900	0	0000
87000	1	1000	0.000000
87100	2	1100	0.000000	0.000000
87200	1	1000	0.000000
87300	0	0000
87400	2	1100	0.000000	0.000000
87500	3	1110	0.000000	0.000000	0.000000
87600	3	1110	0.000000	0.000000	0.000000
87700	3	1110	0.000000	0.000000	0.000000
87800	1	1000	0.000000
87900	0	0000
88000	4	1111	0.000000	0.000000	0.000000	0.000000
88100	1	1000	0.000000
88200	1	1000	0.000000
88300	0	0000
88400	2	1100	0.000000	0.000000
88500	4	1111	0.000000	0.000000	0.000000	0.000000
88600	1	1000	0.000000
88700	3	1110	0.000000	0.000000	0.000000
88800	0	0000
88900	2	1100	0.000000	0.000000
89000	3	1110	0.000000	0.000000	0.000000
89100	4	1111	0.000000	0.000000	0.000000	0.000000
89200	2	1100	0.000000	0.000000
89300	0	0000
89400	4	1111	0.000000	0.000000	0.000000	0.000000
89500	3	1110	0.000000	0.000000	0.000000
89600	0	0000
89700	3	1110	0.000000	0.000000	0.000000
89800	4	1111	0.000000	0.000000	0.000000	0.000000
89900	3	1110	0.000000	0.000000	0.000000
90000	4	1111	0.000000	0.000000	0.000000	0.000000
90100	2	1100	0.000000	0.000000
90200	0	0000
90300	2	1100	0.000000	0.000000
90400	4	1111	0.000000	0.000000	0.000000	0.000000
90500	2	1100	0.000000	0.000000
90600	4	1111	0.000000	0.000000	0.000000	0.000000
90700	4	1111	0.000001	0.000000	0.000000	0.000000
90800	2	1100	0.000000	0.000000
90900	1	1000	0.000000
91000	3	1110	0.000000	0.000000	0.000000
91100	1	1000	0.000000
91200	4	1111	0.000000	0.000000	0.000000	0.000000
91300	3	1110	0.000000	0.000000	0.000000
91400	0	0000
91500	3	1110	0.000000	0.000000	0.000000
91600	4	1111	0.000000	0.000000	0.000000	0.000000
91700	3	1110	0.000000	0.000000	0.000000
91800	4	1111	0.000000	0.000000	0.000000	0.000000
91900	2	1100	0.000000	0.000000
92000	4	1111	0.000000	0.000000	0.000000	0.000000
92100	4	1111	0.000000	0.000000	0.000000	0.000000
92200	1	1000	0.000000
92300	1	1000	0.000000
92400	4	1111	0.000000	0.000000	0.000000	0.000000
92500	2	1100	0.000000	0.000000
92600	3	1110	0.000000	0.000000	0.000000
92700	1	1000	0.000000
92800	1	1000	0.000000
92900	0	0000
93000	4	1111	0.000000	0.000000	0.000000	0.000000
93100	3	1110	0.000000	0.000000	0.000000
93200	3	1110	0.000000	0.000000	0.000000
93300	2	1100	0.000000	0.000000
93400	0	0000
93500	0	0000
93600	0	0000
93700	3	1110	0.000000	0.000000	0.000000
93800	2	1100	0.000000	0.000000
93900	4	1111	0.000000	0.000000	0.000000	0.000000
94000	0	0000
94100	3	1110	0.000000	0.000000	0.000000
94200	1	1000	0.000000
94300	1	1000	0.000000
94400	4	1111	0.000000	0.000000	0.000000	0.000000
94500	0	0000
94600	0	0000
94700	4	1111	0.000000	0.000000	0.000000	0.000000
94800	3	1110	0.000000	0.000000	0.000000
94900	3	1110	0.000000	0.000000	0.000000
95000	1	1000	0.000000
95100	2	1100	0.000000	0.000000
95200	2	1100	0.000000	0.000000
95300	0	0000
95400	3	1110	0.000000	0.000000	0.000000
95500	1	1000	0.000000
95600	1	1000	0.000001
95700	2	1100	0.000000	0.000000
95800	0	0000
95900	0	0000
96000	2	1100	0.000000	0.000000
96100	0	0000
96200	3	1110	0.000000	0.000000	0.000000
96300	3	1110	0.000000	0.000000	0.000000
96400	4	1111	0.000000	0.000000	0.000000	0.000000
96500	4	1111	0.000000	0.000000	0.000000	0.000000
96600	4	1111	0.000000	0.000000	0.000000	0.000000
96700	2	1100	0.000000	0.000000
96800	1	1000	0.000000
96900	3	1110	0.000000	0.000000	0.000000
97000	1	1000	0.000000
97100	3	1110	0.000000	0.000000	0.000000
97200	0	0000
97300	0	0000
97400	2	1100	0.000001	0.000000
97500	2	1100	0.000000	0.000000
97600	4	1111	0.000000	0.000000	0.000000	0.000000
97700	2	1100	0.000000	0.000000
97800	4	1111	0.000000	0.000000	0.000000	0.000000
97900	3	1110	0.000000	0.000000	0.000000
98000	1	1000	0.000000
98100	3	1110	0.000000	0.000000	0.000000
98200	0	0000
98300	0	0000
98400	3	1110	0.000000	0.000000	0.000000
98500	0	0000
98600	2	1100	0.000000	0.000000
98700	3	1110	0.000000	0.000000	0.000000
98800	0	0000
98900	1	1000	0.000000
99000	4	1111	0.000000	0.000000	0.000000	0.000000
99100	3	1110	0.000000	0.000000	0.000000
99200	3	1110	0.000000	0.000000	0.000000
99300	4	1111	0.000000	0.000000	0.000000	0.000000
99400	2	1100	0.000000	0.000000
99500	2	1100	0.000000	0.000000
99600	0	0000
99700	3	1110	0.000000	0.000000	0.000000
99800	0	0000
99900	2	1100	0.000000	0.000000
100000	3	1110	0.000000	0.000000	0.000000
