Gen	np	tree	lnL
100	4	1111	0.000292	0.000261	0.000240	0.000047	-29176.681
200	4	1111	0.000272	0.000241	0.000201	0.000121	-29178.527
300	4	1111	0.000234	0.000221	0.000181	0.000078	-29178.288
400	4	1111	0.000148	0.000129	0.000093	0.000030	-29181.664
500	4	1111	0.000231	0.000174	0.000146	0.000059	-29183.370
600	4	1111	0.000178	0.000166	0.000107	0.000045	-29176.866
700	4	1111	0.000262	0.000155	0.000131	0.000066	-29182.034
800	4	1111	0.000227	0.000197	0.000089	0.000046	-29179.303
900	4	1111	0.000204	0.000193	0.000122	0.000063	-29181.594
1000	4	1111	0.000183	0.000156	0.000102	0.000079	-29183.774
1100	4	1111	0.000166	0.000154	0.000114	0.000042	-29181.006
1200	4	1111	0.000223	0.000204	0.000181	0.000064	-29181.766
1300	4	1111	0.000174	0.000144	0.000128	0.000079	-29178.419
1400	4	1111	0.000211	0.000183	0.000162	0.000066	-29177.549
1500	4	1111	0.000303	0.000236	0.000218	0.000018	-29181.462
1600	4	1111	0.000159	0.000142	0.000132	0.000094	-29179.928
1700	4	1111	0.000389	0.000351	0.000238	0.000139	-29182.671
1800	4	1111	0.000274	0.000251	0.000215	0.000047	-29179.390
1900	4	1111	0.000199	0.000174	0.000142	0.000112	-29180.556
2000	4	1111	0.000324	0.000312	0.000233	0.000142	-29178.480
2100	4	1111	0.000292	0.000267	0.000190	0.000137	-29185.702
2200	4	1111	0.000207	0.000170	0.000129	0.000064	-29180.391
2300	3	1110	0.000189	0.000165	0.000146	-29183.598
2400	4	1111	0.000240	0.000214	0.000195	0.000057	-29179.966
2500	4	1111	0.000211	0.000136	0.000122	0.000035	-29175.362
2600	4	1111	0.000344	0.000277	0.000203	0.000165	-29173.899
2700	4	1111	0.000241	0.000214	0.000178	0.000154	-29176.757
2800	4	1111	0.000335	0.000284	0.000272	0.000027	-29175.011
2900	4	1111	0.000162	0.000126	0.000104	0.000036	-29182.337
3000	4	1111	0.000213	0.000196	0.000071	0.000021	-29178.158
3100	4	1111	0.000139	0.000134	0.000122	0.000023	-29185.687
3200	3	1110	0.000128	0.000117	0.000112	-29179.679
3300	4	1111	0.000188	0.000183	0.000151	0.000090	-29181.851
3400	4	1111	0.000195	0.000178	0.000170	0.000045	-29179.198
3500	4	1111	0.000177	0.000156	0.000144	0.000096	-29177.665
3600	4	1111	0.000172	0.000140	0.000098	0.000054	-29175.195
3700	4	1111	0.000296	0.000292	0.000243	0.000009	-29183.249
3800	4	1111	0.000238	0.000209	0.000129	0.000016	-29172.738
3900	4	1111	0.000194	0.000149	0.000117	0.000020	-29175.687
4000	4	1111	0.000338	0.000175	0.000154	0.000079	-29180.748
4100	4	1111	0.000243	0.000173	0.000128	0.000055	-29174.753
4200	4	1111	0.000331	0.000310	0.000177	0.000037	-29180.082
4300	4	1111	0.000315	0.000284	0.000246	0.000008	-29175.326
4400	4	1111	0.000203	0.000191	0.000164	0.000052	-29173.505
4500	4	1111	0.000278	0.000254	0.000217	0.000025	-29181.903
4600	4	1111	0.000228	0.000199	0.000190	0.000056	-29178.092
4700	4	1111	0.000154	0.000137	0.000122	0.000036	-29180.547
4800	4	1111	0.000171	0.000159	0.000121	0.000065	-29183.259
4900	3	1110	0.000325	0.000285	0.000255	-29181.845
5000	4	1111	0.000172	0.000158	0.000129	0.000070	-29179.059
5100	4	1111	0.000296	0.000267	0.000099	0.000030	-29182.487
5200	4	1111	0.000196	0.000189	0.000154	0.000088	-29176.130
5300	4	1111	0.000132	0.000101	0.000088	0.000017	-29182.890
5400	4	1111	0.000239	0.000219	0.000172	0.000107	-29176.423
5500	4	1111	0.000267	0.000251	0.000202	0.000104	-29175.522
5600	4	1111	0.000283	0.000255	0.000179	0.000071	-29179.982
5700	4	1111	0.000225	0.000152	0.000120	0.000083	-29178.283
5800	4	1111	0.000384	0.000304	0.000275	0.000185	-29179.654
5900	4	1111	0.000169	0.000147	0.000112	0.000028	-29176.584
6000	4	1111	0.000172	0.000159	0.000137	0.000018	-29177.742
6100	4	1111	0.000184	0.000175	0.000110	0.000081	-29180.405
6200	3	1110	0.000169	0.000133	0.000095	-29173.842
6300	4	1111	0.000147	0.000138	0.000133	0.000097	-29180.929
6400	3	1110	0.000267	0.000243	0.000144	-29180.791
6500	4	1111	0.000289	0.000173	0.000131	0.000091	-29180.815
6600	4	1111	0.000191	0.000167	0.000085	0.000011	-29178.606
6700	3	1110	0.000293	0.000287	0.000222	-29179.678
6800	4	1111	0.000242	0.000224	0.000174	0.000078	-29177.196
6900	4	1111	0.000363	0.000351	0.000250	0.000095	-29177.509
7000	3	1110	0.000255	0.000244	0.000101	-29181.269
7100	4	1111	0.000192	0.000178	0.000173	0.000059	-29176.313
7200	4	1111	0.000210	0.000174	0.000139	0.000046	-29177.301
7300	3	1110	0.000215	0.000204	0.000182	-29181.314
7400	4	1111	0.000245	0.000223	0.000168	0.000010	-29177.768
7500	4	1111	0.000305	0.000292	0.000282	0.000033	-29176.042
7600	4	1111	0.000147	0.000132	0.000081	0.000032	-29177.271
7700	4	1111	0.000213	0.000136	0.000129	0.000053	-29176.509
7800	4	1111	0.000156	0.000128	0.000111	0.000054	-29180.790
7900	4	1111	0.000186	0.000178	0.000140	0.000057	-29182.281
8000	4	1111	0.000288	0.000257	0.000123	0.000030	-29183.217
8100	3	1110	0.000200	0.000185	0.000090	-29180.437
8200	4	1111	0.000195	0.000158	0.000121	0.000045	-29176.268
8300	4	1111	0.000290	0.000239	0.000161	0.000083	-29181.778
8400	4	1111	0.000231	0.000219	0.000197	0.000108	-29180.877
8500	4	1111	0.000138	0.000130	0.000103	0.000065	-29180.106
8600	4	1111	0.000311	0.000293	0.000221	0.000167	-29179.363
8700	4	1111	0.000141	0.000131	0.000106	0.000081	-29179.977
8800	4	1111	0.000134	0.000118	0.000109	0.000058	-29182.745
8900	4	1111	0.000142	0.000123	0.000101	0.000069	-29180.580
9000	4	1111	0.000162	0.000154	0.000094	0.000036	-29180.156
9100	4	1111	0.000177	0.000166	0.000092	0.000036	-29180.022
9200	4	1111	0.000168	0.000160	0.000129	0.000075	-29174.305
9300	4	1111	0.000239	0.000230	0.000214	0.000043	-29179.726
9400	4	1111	0.000226	0.000150	0.000094	0.000047	-29173.893
9500	4	1111	0.000248	0.000214	0.000209	0.000151	-29172.190
9600	4	1111	0.000254	0.000247	0.000175	0.000107	-29177.851
9700	4	1111	0.000168	0.000155	0.000129	0.000047	-29182.290
9800	4	1111	0.000144	0.000139	0.000122	0.000045	-29182.227
9900	4	1111	0.000147	0.000131	0.000083	0.000056	-29181.916
10000	4	1111	0.000234	0.000180	0.000154	0.000088	-29176.181
10100	4	1111	0.000184	0.000130	0.000090	0.000043	-29181.180
10200	4	1111	0.000141	0.000127	0.000083	0.000034	-29179.692
10300	4	1111	0.000186	0.000183	0.000137	0.000029	-29179.585
10400	3	1110	0.000222	0.000201	0.000123	-29179.506
10500	4	1111	0.000289	0.000198	0.000125	0.000011	-29176.288
10600	3	1110	0.000277	0.000266	0.000213	-29176.553
10700	4	1111	0.000152	0.000147	0.000121	0.000041	-29179.870
10800	3	1110	0.000197	0.000190	0.000168	-29182.026
10900	3	1110	0.000216	0.000193	0.000163	-29178.009
11000	4	1111	0.000297	0.000182	0.000179	0.000086	-29181.820
11100	4	1111	0.000180	0.000173	0.000111	0.000093	-29177.046
11200	4	1111	0.000168	0.000158	0.000110	0.000049	-29177.435
11300	4	1111	0.000146	0.000113	0.000091	0.000058	-29182.951
11400	3	1110	0.000195	0.000170	0.000049	-29181.477
11500	4	1111	0.000213	0.000196	0.000168	0.000011	-29179.256
11600	4	1111	0.000189	0.000174	0.000137	0.000060	-29179.099
11700	3	1110	0.000206	0.000185	0.000079	-29180.211
11800	4	1111	0.000232	0.000179	0.000153	0.000080	-29179.620
11900	4	1111	0.000215	0.000189	0.000161	0.000086	-29181.766
12000	4	1111	0.000127	0.000087	0.000040	0.000007	-29177.691
12100	4	1111	0.000207	0.000186	0.000148	0.000060	-29179.117
12200	4	1111	0.000152	0.000143	0.000115	0.000063	-29181.505
12300	3	1110	0.000273	0.000227	0.000081	-29180.544
12400	4	1111	0.000244	0.000231	0.000164	0.000125	-29178.019
12500	3	1110	0.000318	0.000309	0.000287	-29180.733
12600	4	1111	0.000217	0.000150	0.000067	0.000022	-29176.848
12700	4	1111	0.000174	0.000164	0.000115	0.000063	-29180.561
12800	4	1111	0.000179	0.000119	0.000105	0.000067	-29181.326
12900	4	1111	0.000160	0.000140	0.000128	0.000057	-29181.767
13000	4	1111	0.000210	0.000178	0.000147	0.000121	-29182.048
13100	4	1111	0.000200	0.000159	0.000067	0.000051	-29176.273
13200	4	1111	0.000281	0.000240	0.000166	0.000077	-29182.187
13300	4	1111	0.000179	0.000127	0.000118	0.000073	-29176.551
13400	4	1111	0.000178	0.000139	0.000115	0.000013	-29176.089
13500	4	1111	0.000169	0.000138	0.000108	0.000052	-29178.054
13600	4	1111	0.000275	0.000227	0.000143	0.000091	-29175.069
13700	4	1111	0.000291	0.000273	0.000223	0.000166	-29181.804
13800	4	1111	0.000303	0.000267	0.000235	0.000075	-29174.602
13900	4	1111	0.000285	0.000260	0.000195	0.000140	-29177.750
14000	4	1111	0.000215	0.000210	0.000115	0.000057	-29174.424
14100	4	1111	0.000183	0.000166	0.000117	0.000072	-29176.579
14200	4	1111	0.000185	0.000179	0.000126	0.000067	-29178.209
14300	3	1110	0.000112	0.000094	0.000064	-29176.120
14400	4	1111	0.000236	0.000222	0.000166	0.000046	-29177.920
14500	4	1111	0.000192	0.000176	0.000146	0.000057	-29177.953
14600	4	1111	0.000167	0.000160	0.000122	0.000037	-29181.525
14700	4	1111	0.000136	0.000130	0.000098	0.000036	-29180.772
14800	4	1111	0.000279	0.000244	0.000181	0.000041	-29181.204
14900	4	1111	0.000142	0.000136	0.000115	0.000026	-29181.886
15000	4	1111	0.000213	0.000192	0.000159	0.000085	-29181.697
15100	4	1111	0.000135	0.000104	0.000088	0.000065	-29183.980
15200	4	1111	0.000256	0.000244	0.000191	0.000099	-29181.473
15300	4	1111	0.000359	0.000332	0.000280	0.000103	-29181.931
15400	4	1111	0.000130	0.000114	0.000085	0.000039	-29175.519
15500	4	1111	0.000244	0.000170	0.000155	0.000132	-29182.617
15600	4	1111	0.000183	0.000162	0.000155	0.000058	-29175.769
15700	4	1111	0.000343	0.000333	0.000319	0.000147	-29182.306
15800	4	1111	0.000306	0.000288	0.000233	0.000114	-29178.741
15900	4	1111	0.000241	0.000234	0.000229	0.000050	-29176.772
16000	4	1111	0.000238	0.000217	0.000185	0.000072	-29179.745
16100	4	1111	0.000330	0.000311	0.000280	0.000094	-29183.778
16200	4	1111	0.000249	0.000236	0.000224	0.000157	-29181.529
16300	4	1111	0.000120	0.000118	0.000102	0.000055	-29181.883
16400	4	1111	0.000136	0.000120	0.000114	0.000038	-29179.498
16500	4	1111	0.000204	0.000196	0.000190	0.000121	-29181.107
16600	4	1111	0.000211	0.000191	0.000120	0.000035	-29173.758
16700	4	1111	0.000287	0.000256	0.000253	0.000141	-29179.653
16800	4	1111	0.000297	0.000276	0.000247	0.000145	-29181.948
16900	4	1111	0.000254	0.000220	0.000150	0.000111	-29176.871
17000	4	1111	0.000244	0.000227	0.000202	0.000125	-29181.549
17100	4	1111	0.000231	0.000220	0.000190	0.000073	-29176.435
17200	4	1111	0.000273	0.000249	0.000186	0.000098	-29172.928
17300	4	1111	0.000194	0.000181	0.000164	0.000109	-29181.368
17400	4	1111	0.000332	0.000276	0.000275	0.000150	-29175.030
17500	4	1111	0.000405	0.000371	0.000362	0.000153	-29181.117
17600	4	1111	0.000178	0.000152	0.000124	0.000057	-29179.399
17700	4	1111	0.000231	0.000215	0.000200	0.000119	-29178.482
17800	4	1111	0.000217	0.000193	0.000149	0.000112	-29184.451
17900	4	1111	0.000172	0.000133	0.000124	0.000072	-29183.246
18000	4	1111	0.000190	0.000162	0.000140	0.000062	-29179.794
18100	4	1111	0.000231	0.000174	0.000157	0.000014	-29176.951
18200	4	1111	0.000202	0.000171	0.000153	0.000063	-29177.959
18300	4	1111	0.000205	0.000190	0.000185	0.000104	-29178.393
18400	4	1111	0.000155	0.000138	0.000130	0.000047	-29178.809
18500	4	1111	0.000223	0.000214	0.000120	0.000072	-29179.774
18600	4	1111	0.000122	0.000105	0.000075	0.000031	-29182.549
18700	4	1111	0.000126	0.000104	0.000095	0.000012	-29176.684
18800	4	1111	0.000220	0.000169	0.000161	0.000040	-29178.690
18900	4	1111	0.000426	0.000350	0.000317	0.000064	-29177.484
19000	4	1111	0.000279	0.000189	0.000170	0.000097	-29176.896
19100	4	1111	0.000267	0.000246	0.000080	0.000075	-29178.891
19200	4	1111	0.000395	0.000379	0.000188	0.000110	-29178.211
19300	4	1111	0.000337	0.000327	0.000299	0.000086	-29180.613
19400	4	1111	0.000177	0.000169	0.000136	0.000082	-29178.700
19500	4	1111	0.000390	0.000370	0.000195	0.000095	-29180.233
19600	4	1111	0.000300	0.000266	0.000192	0.000094	-29176.486
19700	4	1111	0.000254	0.000225	0.000137	0.000073	-29177.466
19800	4	1111	0.000233	0.000219	0.000102	0.000025	-29178.842
19900	4	1111	0.000135	0.000121	0.000116	0.000071	-29180.713
20000	4	1111	0.000183	0.000141	0.000132	0.000063	-29182.199
20100	4	1111	0.000232	0.000211	0.000196	0.000074	-29180.121
20200	4	1111	0.000248	0.000174	0.000130	0.000074	-29175.185
20300	4	1111	0.000210	0.000164	0.000090	0.000016	-29183.252
20400	4	1111	0.000198	0.000166	0.000137	0.000104	-29182.073
20500	4	1111	0.000179	0.000143	0.000129	0.000070	-29182.435
20600	4	1111	0.000331	0.000313	0.000220	0.000047	-29176.425
20700	4	1111	0.000149	0.000108	0.000084	0.000057	-29176.893
20800	4	1111	0.000285	0.000250	0.000232	0.000145	-29183.004
20900	4	1111	0.000277	0.000256	0.000248	0.000091	-29176.150
21000	4	1111	0.000132	0.000108	0.000093	0.000033	-29182.625
21100	4	1111	0.000212	0.000197	0.000193	0.000096	-29176.887
21200	4	1111	0.000212	0.000197	0.000166	0.000081	-29176.596
21300	4	1111	0.000223	0.000211	0.000200	0.000100	-29179.393
21400	4	1111	0.000246	0.000185	0.000170	0.000086	-29178.567
21500	4	1111	0.000230	0.000215	0.000214	0.000060	-29178.246
21600	4	1111	0.000166	0.000157	0.000155	0.000062	-29176.437
21700	4	1111	0.000295	0.000251	0.000231	0.000091	-29181.754
21800	4	1111	0.000228	0.000218	0.000196	0.000067	-29176.890
21900	4	1111	0.000205	0.000196	0.000155	0.000094	-29179.159
22000	4	1111	0.000165	0.000146	0.000145	0.000080	-29178.469
22100	4	1111	0.000193	0.000162	0.000151	0.000090	-29181.364
22200	4	1111	0.000373	0.000285	0.000276	0.000116	-29182.384
22300	4	1111	0.000259	0.000249	0.000160	0.000087	-29181.151
22400	4	1111	0.000164	0.000149	0.000144	0.000057	-29178.301
22500	4	1111	0.000138	0.000119	0.000091	0.000051	-29182.106
22600	4	1111	0.000337	0.000308	0.000196	0.000138	-29178.869
22700	4	1111	0.000177	0.000137	0.000132	0.000088	-29180.409
22800	4	1111	0.000192	0.000187	0.000153	0.000089	-29180.419
22900	4	1111	0.000141	0.000134	0.000124	0.000087	-29181.980
23000	4	1111	0.000265	0.000194	0.000164	0.000056	-29173.925
23100	4	1111	0.000435	0.000391	0.000335	0.000056	-29179.766
23200	4	1111	0.000308	0.000253	0.000249	0.000155	-29178.016
23300	4	1111	0.000182	0.000150	0.000119	0.000056	-29173.898
23400	4	1111	0.000246	0.000232	0.000211	0.000142	-29177.554
23500	4	1111	0.000333	0.000280	0.000219	0.000023	-29174.543
23600	4	1111	0.000182	0.000150	0.000132	0.000046	-29179.303
23700	4	1111	0.000375	0.000345	0.000334	0.000079	-29178.438
23800	4	1111	0.000242	0.000197	0.000178	0.000093	-29181.526
23900	4	1111	0.000280	0.000253	0.000159	0.000144	-29177.233
24000	4	1111	0.000228	0.000154	0.000151	0.000105	-29180.676
24100	4	1111	0.000258	0.000251	0.000214	0.000158	-29180.627
24200	4	1111	0.000264	0.000238	0.000228	0.000174	-29183.296
24300	4	1111	0.000243	0.000212	0.000157	0.000110	-29178.367
24400	4	1111	0.000227	0.000178	0.000171	0.000097	-29179.875
24500	4	1111	0.000248	0.000231	0.000211	0.000174	-29178.609
24600	4	1111	0.000309	0.000248	0.000214	0.000168	-29177.998
24700	4	1111	0.000274	0.000250	0.000246	0.000207	-29179.707
24800	4	1111	0.000224	0.000183	0.000104	0.000051	-29176.681
24900	4	1111	0.000217	0.000183	0.000173	0.000076	-29181.950
25000	4	1111	0.000175	0.000168	0.000158	0.000050	-29178.095
25100	4	1111	0.000311	0.000292	0.000240	0.000085	-29180.295
25200	4	1111	0.000209	0.000193	0.000170	0.000076	-29178.347
25300	4	1111	0.000350	0.000313	0.000282	0.000113	-29181.158
25400	4	1111	0.000197	0.000162	0.000149	0.000074	-29179.306
25500	4	1111	0.000175	0.000170	0.000147	0.000116	-29181.583
25600	4	1111	0.000325	0.000314	0.000279	0.000156	-29181.335
25700	4	1111	0.000278	0.000267	0.000261	0.000146	-29181.125
25800	4	1111	0.000216	0.000214	0.000179	0.000132	-29179.353
25900	4	1111	0.000305	0.000285	0.000268	0.000217	-29181.426
26000	4	1111	0.000317	0.000286	0.000275	0.000129	-29176.465
26100	4	1111	0.000185	0.000168	0.000122	0.000063	-29176.814
26200	4	1111	0.000155	0.000125	0.000124	0.000040	-29177.601
26300	4	1111	0.000285	0.000259	0.000234	0.000057	-29177.544
26400	4	1111	0.000310	0.000306	0.000293	0.000089	-29175.290
26500	4	1111	0.000204	0.000192	0.000185	0.000136	-29179.110
26600	4	1111	0.000184	0.000175	0.000167	0.000077	-29181.569
26700	4	1111	0.000253	0.000201	0.000195	0.000155	-29177.605
26800	4	1111	0.000240	0.000212	0.000205	0.000162	-29184.231
26900	4	1111	0.000259	0.000223	0.000175	0.000072	-29178.130
27000	4	1111	0.000319	0.000238	0.000216	0.000163	-29183.512
27100	4	1111	0.000293	0.000273	0.000249	0.000133	-29178.930
27200	4	1111	0.000216	0.000205	0.000200	0.000120	-29175.084
27300	4	1111	0.000226	0.000202	0.000170	0.000155	-29180.914
27400	4	1111	0.000371	0.000244	0.000199	0.000116	-29176.949
27500	4	1111	0.000336	0.000310	0.000281	0.000189	-29174.317
27600	4	1111	0.000446	0.000413	0.000354	0.000277	-29180.021
27700	4	1111	0.000243	0.000220	0.000178	0.000172	-29180.591
27800	4	1111	0.000302	0.000296	0.000267	0.000175	-29177.444
27900	4	1111	0.000207	0.000164	0.000154	0.000047	-29177.149
28000	4	1111	0.000419	0.000368	0.000352	0.000134	-29176.907
28100	4	1111	0.000229	0.000175	0.000144	0.000137	-29177.498
28200	4	1111	0.000267	0.000198	0.000169	0.000122	-29183.067
28300	4	1111	0.000229	0.000221	0.000177	0.000141	-29181.377
28400	4	1111	0.000304	0.000301	0.000290	0.000249	-29179.499
28500	4	1111	0.000248	0.000231	0.000188	0.000134	-29182.143
28600	4	1111	0.000351	0.000299	0.000253	0.000221	-29180.353
28700	4	1111	0.000395	0.000366	0.000243	0.000209	-29182.151
28800	4	1111	0.000270	0.000239	0.000218	0.000190	-29179.253
28900	4	1111	0.000404	0.000378	0.000365	0.000111	-29176.677
29000	4	1111	0.000254	0.000245	0.000201	0.000167	-29179.299
29100	4	1111	0.000227	0.000211	0.000171	0.000158	-29174.525
29200	4	1111	0.000217	0.000211	0.000211	0.000126	-29176.815
29300	4	1111	0.000253	0.000236	0.000222	0.000193	-29179.915
29400	4	1111	0.000207	0.000199	0.000160	0.000109	-29179.122
29500	4	1111	0.000358	0.000289	0.000281	0.000148	-29180.007
29600	4	1111	0.000251	0.000221	0.000215	0.000121	-29180.233
29700	4	1111	0.000342	0.000291	0.000209	0.000119	-29173.813
29800	4	1111	0.000211	0.000164	0.000146	0.000027	-29177.704
29900	4	1111	0.000218	0.000210	0.000181	0.000081	-29181.677
30000	4	1111	0.000138	0.000121	0.000114	0.000081	-29178.429
30100	4	1111	0.000248	0.000216	0.000144	0.000060	-29177.734
30200	4	1111	0.000279	0.000263	0.000173	0.000123	-29180.061
30300	4	1111	0.000363	0.000346	0.000278	0.000169	-29180.581
30400	4	1111	0.000252	0.000222	0.000219	0.000127	-29178.710
30500	4	1111	0.000593	0.000472	0.000281	0.000240	-29180.006
30600	4	1111	0.000269	0.000227	0.000223	0.000078	-29181.793
30700	4	1111	0.000307	0.000281	0.000263	0.000102	-29181.489
30800	4	1111	0.000528	0.000516	0.000491	0.000120	-29181.670
30900	4	1111	0.000345	0.000333	0.000303	0.000214	-29179.622
31000	4	1111	0.000355	0.000340	0.000324	0.000091	-29181.414
31100	4	1111	0.000238	0.000204	0.000152	0.000104	-29183.469
31200	4	1111	0.000306	0.000231	0.000178	0.000085	-29178.913
31300	4	1111	0.000327	0.000279	0.000262	0.000109	-29179.656
31400	4	1111	0.000299	0.000279	0.000257	0.000176	-29178.947
31500	4	1111	0.000374	0.000340	0.000204	0.000116	-29178.189
31600	4	1111	0.000270	0.000260	0.000231	0.000157	-29177.433
31700	4	1111	0.000323	0.000270	0.000232	0.000119	-29183.561
31800	4	1111	0.000259	0.000248	0.000222	0.000140	-29178.452
31900	4	1111	0.000236	0.000216	0.000165	0.000070	-29177.058
32000	4	1111	0.000291	0.000265	0.000257	0.000023	-29181.376
32100	4	1111	0.000274	0.000253	0.000206	0.000160	-29176.295
32200	4	1111	0.000263	0.000227	0.000192	0.000119	-29177.713
32300	4	1111	0.000325	0.000318	0.000313	0.000275	-29178.373
32400	4	1111	0.000301	0.000292	0.000208	0.000180	-29177.841
32500	4	1111	0.000416	0.000356	0.000334	0.000166	-29179.410
32600	4	1111	0.000288	0.000277	0.000268	0.000108	-29177.729
32700	4	1111	0.000337	0.000275	0.000196	0.000175	-29179.825
32800	4	1111	0.000361	0.000345	0.000266	0.000249	-29176.888
32900	4	1111	0.000291	0.000263	0.000228	0.000133	-29182.744
33000	4	1111	0.000254	0.000220	0.000189	0.000172	-29177.974
33100	4	1111	0.000195	0.000171	0.000141	0.000124	-29180.153
33200	4	1111	0.000286	0.000275	0.000250	0.000170	-29178.434
33300	4	1111	0.000284	0.000248	0.000226	0.000101	-29178.217
33400	4	1111	0.000259	0.000251	0.000233	0.000088	-29179.597
33500	4	1111	0.000161	0.000142	0.000114	0.000062	-29181.428
33600	4	1111	0.000282	0.000269	0.000268	0.000134	-29183.919
33700	4	1111	0.000216	0.000214	0.000161	0.000089	-29180.740
33800	4	1111	0.000167	0.000154	0.000123	0.000113	-29182.938
33900	4	1111	0.000204	0.000191	0.000157	0.000124	-29181.932
34000	3	1110	0.000183	0.000175	0.000159	-29177.922
34100	4	1111	0.000207	0.000187	0.000097	0.000053	-29180.267
34200	4	1111	0.000255	0.000231	0.000227	0.000098	-29179.759
34300	4	1111	0.000184	0.000165	0.000159	0.000080	-29184.316
34400	4	1111	0.000167	0.000159	0.000095	0.000045	-29178.893
34500	4	1111	0.000254	0.000248	0.000166	0.000130	-29178.307
34600	4	1111	0.000189	0.000176	0.000081	0.000048	-29177.834
34700	4	1111	0.000275	0.000245	0.000239	0.000082	-29179.322
34800	4	1111	0.000249	0.000236	0.000187	0.000087	-29187.176
34900	4	1111	0.000241	0.000217	0.000157	0.000066	-29180.020
35000	4	1111	0.000448	0.000357	0.000320	0.000299	-29177.072
35100	4	1111	0.000253	0.000241	0.000228	0.000166	-29180.599
35200	4	1111	0.000406	0.000366	0.000349	0.000052	-29178.252
35300	4	1111	0.000269	0.000229	0.000204	0.000038	-29175.397
35400	4	1111	0.000269	0.000258	0.000235	0.000036	-29177.112
35500	4	1111	0.000313	0.000284	0.000105	0.000076	-29179.848
35600	4	1111	0.000271	0.000205	0.000196	0.000101	-29177.890
35700	4	1111	0.000335	0.000324	0.000237	0.000196	-29181.815
35800	4	1111	0.000189	0.000158	0.000127	0.000056	-29178.540
35900	4	1111	0.000267	0.000238	0.000217	0.000172	-29177.021
36000	4	1111	0.000253	0.000231	0.000151	0.000076	-29176.989
36100	4	1111	0.000297	0.000199	0.000178	0.000097	-29174.478
36200	4	1111	0.000313	0.000185	0.000138	0.000038	-29175.422
36300	4	1111	0.000229	0.000206	0.000187	0.000117	-29181.454
36400	4	1111	0.000259	0.000240	0.000177	0.000130	-29180.759
36500	4	1111	0.000286	0.000228	0.000212	0.000051	-29180.131
36600	4	1111	0.000242	0.000177	0.000144	0.000053	-29183.597
36700	3	1110	0.000279	0.000231	0.000211	-29177.066
36800	4	1111	0.000390	0.000318	0.000305	0.000087	-29176.646
36900	4	1111	0.000261	0.000257	0.000244	0.000062	-29182.122
37000	4	1111	0.000245	0.000191	0.000179	0.000096	-29180.181
37100	4	1111	0.000215	0.000205	0.000172	0.000029	-29177.814
37200	4	1111	0.000223	0.000200	0.000170	0.000053	-29182.054
37300	4	1111	0.000196	0.000141	0.000124	0.000040	-29177.539
37400	4	1111	0.000323	0.000284	0.000247	0.000090	-29181.283
37500	4	1111	0.000284	0.000252	0.000241	0.000097	-29177.447
37600	4	1111	0.000269	0.000265	0.000243	0.000105	-29177.050
37700	4	1111	0.000213	0.000210	0.000139	0.000107	-29175.571
37800	4	1111	0.000215	0.000191	0.000182	0.000090	-29175.084
37900	4	1111	0.000427	0.000396	0.000370	0.000082	-29177.079
38000	4	1111	0.000292	0.000266	0.000259	0.000042	-29177.214
38100	4	1111	0.000217	0.000190	0.000163	0.000123	-29179.962
38200	4	1111	0.000257	0.000247	0.000215	0.000056	-29178.535
38300	4	1111	0.000358	0.000250	0.000235	0.000175	-29179.030
38400	4	1111	0.000298	0.000263	0.000229	0.000105	-29183.869
38500	4	1111	0.000239	0.000213	0.000202	0.000045	-29183.600
38600	4	1111	0.000249	0.000244	0.000175	0.000062	-29178.796
38700	4	1111	0.000412	0.000380	0.000375	0.000133	-29180.603
38800	4	1111	0.000203	0.000189	0.000100	0.000082	-29179.140
38900	4	1111	0.000510	0.000444	0.000361	0.000110	-29182.608
39000	4	1111	0.000216	0.000141	0.000124	0.000038	-29176.997
39100	4	1111	0.000269	0.000236	0.000229	0.000115	-29179.480
39200	4	1111	0.000265	0.000244	0.000193	0.000118	-29179.734
39300	4	1111	0.000406	0.000353	0.000335	0.000015	-29174.650
39400	4	1111	0.000322	0.000290	0.000226	0.000104	-29179.049
39500	4	1111	0.000382	0.000359	0.000325	0.000106	-29175.705
39600	4	1111	0.000241	0.000223	0.000153	0.000099	-29182.573
39700	4	1111	0.000312	0.000304	0.000267	0.000234	-29181.154
39800	4	1111	0.000271	0.000260	0.000254	0.000104	-29178.462
39900	4	1111	0.000268	0.000258	0.000218	0.000157	-29182.164
40000	4	1111	0.000285	0.000255	0.000231	0.000169	-29177.885
40100	4	1111	0.000266	0.000246	0.000243	0.000121	-29181.268
40200	4	1111	0.000246	0.000231	0.000154	0.000087	-29180.095
40300	4	1111	0.000244	0.000238	0.000201	0.000123	-29183.947
40400	4	1111	0.000362	0.000350	0.000328	0.000106	-29180.853
40500	4	1111	0.000176	0.000161	0.000129	0.000081	-29181.795
40600	4	1111	0.000335	0.000301	0.000295	0.000056	-29178.359
40700	4	1111	0.000294	0.000232	0.000193	0.000046	-29176.570
40800	4	1111	0.000375	0.000355	0.000346	0.000036	-29179.987
40900	4	1111	0.000411	0.000346	0.000275	0.000121	-29176.405
41000	4	1111	0.000227	0.000220	0.000165	0.000061	-29183.038
41100	4	1111	0.000219	0.000201	0.000174	0.000064	-29178.672
41200	4	1111	0.000170	0.000168	0.000122	0.000004	-29174.515
41300	4	1111	0.000167	0.000106	0.000100	0.000038	-29176.246
41400	4	1111	0.000239	0.000206	0.000119	0.000058	-29178.525
41500	4	1111	0.000207	0.000168	0.000142	0.000016	-29178.373
41600	4	1111	0.000295	0.000247	0.000105	0.000030	-29173.770
41700	4	1111	0.000295	0.000250	0.000197	0.000052	-29174.859
41800	3	1110	0.000340	0.000309	0.000287	-29177.251
41900	4	1111	0.000268	0.000255	0.000191	0.000101	-29176.394
42000	4	1111	0.000259	0.000225	0.000193	0.000080	-29183.251
42100	4	1111	0.000186	0.000164	0.000140	0.000035	-29178.427
42200	4	1111	0.000170	0.000149	0.000147	0.000099	-29179.983
42300	4	1111	0.000264	0.000237	0.000222	0.000095	-29183.470
42400	4	1111	0.000226	0.000220	0.000192	0.000082	-29175.284
42500	4	1111	0.000256	0.000224	0.000205	0.000115	-29185.634
42600	4	1111	0.000310	0.000273	0.000193	0.000098	-29178.065
42700	4	1111	0.000237	0.000215	0.000171	0.000086	-29176.984
42800	4	1111	0.000188	0.000163	0.000129	0.000027	-29182.906
42900	4	1111	0.000271	0.000216	0.000211	0.000102	-29181.377
43000	4	1111	0.000475	0.000374	0.000349	0.000114	-29180.585
43100	4	1111	0.000320	0.000286	0.000279	0.000100	-29176.419
43200	4	1111	0.000302	0.000290	0.000244	0.000200	-29181.713
43300	4	1111	0.000295	0.000232	0.000223	0.000074	-29181.192
43400	4	1111	0.000173	0.000162	0.000122	0.000070	-29178.369
43500	4	1111	0.000331	0.000318	0.000314	0.000096	-29180.951
43600	4	1111	0.000280	0.000218	0.000207	0.000019	-29174.284
43700	4	1111	0.000341	0.000319	0.000289	0.000123	-29177.809
43800	4	1111	0.000272	0.000260	0.000223	0.000117	-29181.874
43900	4	1111	0.000239	0.000204	0.000182	0.000113	-29180.748
44000	4	1111	0.000251	0.000243	0.000169	0.000125	-29181.768
44100	4	1111	0.000218	0.000199	0.000195	0.000034	-29176.261
44200	4	1111	0.000305	0.000285	0.000275	0.000192	-29181.389
44300	4	1111	0.000328	0.000277	0.000162	0.000139	-29177.286
44400	4	1111	0.000148	0.000128	0.000101	0.000039	-29178.430
44500	3	1110	0.000201	0.000137	0.000128	-29173.979
44600	4	1111	0.000280	0.000252	0.000251	0.000089	-29180.547
44700	4	1111	0.000294	0.000240	0.000235	0.000207	-29176.460
44800	4	1111	0.000252	0.000205	0.000196	0.000114	-29178.161
44900	4	1111	0.000284	0.000270	0.000265	0.000020	-29178.002
45000	4	1111	0.000170	0.000155	0.000124	0.000063	-29182.168
45100	4	1111	0.000278	0.000261	0.000179	0.000078	-29176.452
45200	4	1111	0.000173	0.000156	0.000138	0.000094	-29183.476
45300	4	1111	0.000206	0.000201	0.000177	0.000112	-29181.003
45400	4	1111	0.000368	0.000321	0.000309	0.000127	-29177.834
45500	4	1111	0.000213	0.000140	0.000122	0.000100	-29181.682
45600	4	1111	0.000146	0.000129	0.000114	0.000075	-29183.291
45700	4	1111	0.000169	0.000151	0.000093	0.000038	-29178.657
45800	4	1111	0.000211	0.000174	0.000158	0.000044	-29180.321
45900	4	1111	0.000199	0.000180	0.000177	0.000146	-29183.130
46000	4	1111	0.000246	0.000243	0.000222	0.000065	-29179.748
46100	4	1111	0.000298	0.000288	0.000268	0.000183	-29177.076
46200	4	1111	0.000441	0.000417	0.000261	0.000200	-29182.598
46300	4	1111	0.000242	0.000240	0.000230	0.000101	-29175.495
46400	4	1111	0.000246	0.000213	0.000198	0.000081	-29176.951
46500	4	1111	0.000260	0.000254	0.000221	0.000104	-29177.372
46600	4	1111	0.000435	0.000407	0.000229	0.000050	-29177.532
46700	4	1111	0.000235	0.000217	0.000156	0.000025	-29175.064
46800	4	1111	0.000199	0.000194	0.000174	0.000111	-29180.903
46900	4	1111	0.000274	0.000269	0.000248	0.000210	-29179.671
47000	3	1110	0.000170	0.000143	0.000127	-29178.209
47100	4	1111	0.000176	0.000162	0.000153	0.000076	-29181.941
47200	4	1111	0.000299	0.000290	0.000252	0.000126	-29179.098
47300	4	1111	0.000222	0.000187	0.000132	0.000063	-29178.934
47400	4	1111	0.000235	0.000226	0.000211	0.000115	-29178.170
47500	4	1111	0.000224	0.000210	0.000117	0.000076	-29179.058
47600	4	1111	0.000173	0.000159	0.000127	0.000083	-29178.362
47700	4	1111	0.000199	0.000170	0.000125	0.000085	-29179.572
47800	4	1111	0.000271	0.000260	0.000218	0.000084	-29176.832
47900	4	1111	0.000185	0.000167	0.000136	0.000076	-29183.500
48000	3	1110	0.000281	0.000278	0.000271	-29177.889
48100	4	1111	0.000291	0.000218	0.000215	0.000121	-29178.651
48200	4	1111	0.000120	0.000094	0.000081	0.000040	-29181.764
48300	4	1111	0.000175	0.000166	0.000136	0.000048	-29178.415
48400	4	1111	0.000249	0.000232	0.000182	0.000047	-29175.859
48500	4	1111	0.000195	0.000148	0.000114	0.000026	-29180.748
48600	4	1111	0.000233	0.000228	0.000188	0.000118	-29179.709
48700	4	1111	0.000324	0.000300	0.000281	0.000066	-29177.925
48800	3	1110	0.000214	0.000192	0.000185	-29179.192
48900	3	1110	0.000214	0.000185	0.000150	-29181.286
49000	3	1110	0.000169	0.000160	0.000081	-29181.253
49100	4	1111	0.000267	0.000240	0.000196	0.000181	-29179.109
49200	4	1111	0.000247	0.000241	0.000227	0.000110	-29181.882
49300	4	1111	0.000350	0.000255	0.000216	0.000154	-29185.404
49400	4	1111	0.000345	0.000299	0.000251	0.000071	-29177.848
49500	4	1111	0.000213	0.000203	0.000099	0.000076	-29176.846
49600	4	1111	0.000192	0.000184	0.000145	0.000092	-29182.684
49700	4	1111	0.000338	0.000321	0.000278	0.000245	-29182.030
49800	4	1111	0.000206	0.000197	0.000163	0.000050	-29180.977
49900	4	1111	0.000240	0.000216	0.000202	0.000083	-29178.076
50000	3	1110	0.000186	0.000133	0.000126	-29180.711
50100	4	1111	0.000226	0.000187	0.000177	0.000069	-29180.477
50200	4	1111	0.000216	0.000207	0.000161	0.000080	-29182.203
50300	4	1111	0.000356	0.000336	0.000188	0.000104	-29181.406
50400	4	1111	0.000205	0.000195	0.000154	0.000103	-29186.576
50500	4	1111	0.000224	0.000215	0.000176	0.000085	-29183.170
50600	4	1111	0.000273	0.000261	0.000199	0.000155	-29178.474
50700	4	1111	0.000268	0.000254	0.000227	0.000076	-29179.767
50800	4	1111	0.000382	0.000305	0.000229	0.000152	-29182.279
50900	4	1111	0.000316	0.000236	0.000215	0.000048	-29175.605
51000	4	1111	0.000303	0.000298	0.000211	0.000123	-29180.961
51100	4	1111	0.000212	0.000204	0.000139	0.000105	-29181.421
51200	4	1111	0.000266	0.000257	0.000221	0.000150	-29182.103
51300	4	1111	0.000254	0.000246	0.000230	0.000162	-29184.879
51400	4	1111	0.000209	0.000194	0.000169	0.000076	-29174.730
51500	4	1111	0.000334	0.000333	0.000246	0.000053	-29176.714
51600	4	1111	0.000157	0.000148	0.000116	0.000095	-29177.568
51700	4	1111	0.000200	0.000192	0.000151	0.000069	-29181.853
51800	4	1111	0.000295	0.000271	0.000243	0.000141	-29180.671
51900	4	1111	0.000184	0.000124	0.000092	0.000071	-29179.301
52000	4	1111	0.000288	0.000213	0.000200	0.000130	-29179.172
52100	4	1111	0.000234	0.000225	0.000218	0.000060	-29181.976
52200	4	1111	0.000350	0.000331	0.000325	0.000126	-29180.031
52300	4	1111	0.000283	0.000272	0.000170	0.000076	-29180.280
52400	4	1111	0.000211	0.000176	0.000114	0.000045	-29182.282
52500	4	1111	0.000292	0.000279	0.000134	0.000050	-29179.436
52600	4	1111	0.000394	0.000367	0.000310	0.000143	-29178.059
52700	4	1111	0.000291	0.000212	0.000182	0.000100	-29181.085
52800	4	1111	0.000361	0.000256	0.000190	0.000076	-29177.621
52900	4	1111	0.000454	0.000434	0.000362	0.000088	-29176.965
53000	4	1111	0.000236	0.000180	0.000113	0.000091	-29174.183
53100	4	1111	0.000260	0.000234	0.000204	0.000145	-29178.992
53200	4	1111	0.000175	0.000125	0.000106	0.000039	-29177.405
53300	4	1111	0.000307	0.000286	0.000276	0.000144	-29181.133
53400	4	1111	0.000213	0.000190	0.000180	0.000119	-29186.467
53500	3	1110	0.000285	0.000276	0.000239	-29182.915
53600	4	1111	0.000351	0.000304	0.000288	0.000134	-29182.665
53700	4	1111	0.000341	0.000262	0.000174	0.000087	-29181.698
53800	4	1111	0.000213	0.000180	0.000127	0.000062	-29178.449
53900	4	1111	0.000156	0.000149	0.000137	0.000028	-29176.274
54000	4	1111	0.000164	0.000115	0.000102	0.000051	-29178.894
54100	4	1111	0.000195	0.000164	0.000125	0.000068	-29181.009
54200	4	1111	0.000246	0.000206	0.000198	0.000071	-29177.883
54300	4	1111	0.000233	0.000205	0.000177	0.000031	-29173.848
54400	4	1111	0.000293	0.000276	0.000258	0.000082	-29176.410
54500	3	1110	0.000242	0.000234	0.000225	-29177.415
54600	4	1111	0.000286	0.000272	0.000232	0.000092	-29182.845
54700	4	1111	0.000277	0.000252	0.000236	0.000131	-29177.357
54800	4	1111	0.000281	0.000243	0.000241	0.000110	-29180.323
54900	4	1111	0.000233	0.000212	0.000143	0.000070	-29178.429
55000	4	1111	0.000328	0.000303	0.000175	0.000017	-29180.606
55100	4	1111	0.000136	0.000123	0.000091	0.000045	-29183.813
55200	3	1110	0.000247	0.000236	0.000234	-29179.159
55300	3	1110	0.000147	0.000143	0.000129	-29180.491
55400	4	1111	0.000204	0.000196	0.000151	0.000067	-29183.131
55500	4	1111	0.000177	0.000163	0.000114	0.000103	-29180.987
55600	4	1111	0.000113	0.000111	0.000110	0.000091	-29184.654
55700	4	1111	0.000196	0.000161	0.000108	0.000057	-29185.137
55800	4	1111	0.000225	0.000202	0.000175	0.000139	-29180.036
55900	4	1111	0.000274	0.000224	0.000204	0.000097	-29179.523
56000	4	1111	0.000354	0.000339	0.000263	0.000092	-29178.648
56100	4	1111	0.000481	0.000471	0.000452	0.000184	-29179.870
56200	4	1111	0.000202	0.000181	0.000145	0.000099	-29180.763
56300	4	1111	0.000324	0.000293	0.000192	0.000074	-29179.609
56400	4	1111	0.000482	0.000463	0.000459	0.000172	-29179.366
56500	4	1111	0.000323	0.000308	0.000305	0.000107	-29175.670
56600	4	1111	0.000192	0.000160	0.000153	0.000061	-29180.264
56700	4	1111	0.000365	0.000349	0.000334	0.000127	-29178.134
56800	4	1111	0.000396	0.000382	0.000372	0.000166	-29178.195
56900	4	1111	0.000283	0.000252	0.000237	0.000110	-29182.431
57000	4	1111	0.000393	0.000381	0.000381	0.000104	-29181.212
57100	4	1111	0.000394	0.000352	0.000287	0.000111	-29180.158
57200	4	1111	0.000311	0.000306	0.000279	0.000150	-29183.839
57300	4	1111	0.000225	0.000214	0.000163	0.000072	-29184.242
57400	4	1111	0.000460	0.000455	0.000407	0.000112	-29175.300
57500	4	1111	0.000268	0.000241	0.000232	0.000055	-29177.481
57600	4	1111	0.000207	0.000174	0.000160	0.000020	-29178.051
57700	4	1111	0.000231	0.000201	0.000200	0.000131	-29175.433
57800	4	1111	0.000282	0.000278	0.000173	0.000099	-29181.995
57900	4	1111	0.000369	0.000332	0.000330	0.000115	-29178.924
58000	4	1111	0.000314	0.000225	0.000222	0.000060	-29182.536
58100	4	1111	0.000223	0.000192	0.000185	0.000128	-29179.028
58200	4	1111	0.000313	0.000172	0.000098	0.000025	-29180.969
58300	4	1111	0.000167	0.000141	0.000123	0.000078	-29183.430
58400	4	1111	0.000242	0.000211	0.000201	0.000177	-29181.521
58500	4	1111	0.000283	0.000238	0.000228	0.000198	-29179.396
58600	4	1111	0.000248	0.000235	0.000189	0.000102	-29181.482
58700	4	1111	0.000176	0.000157	0.000141	0.000089	-29180.191
58800	4	1111	0.000230	0.000210	0.000200	0.000182	-29182.294
58900	4	1111	0.000157	0.000147	0.000145	0.000126	-29183.912
59000	4	1111	0.000220	0.000202	0.000159	0.000097	-29183.716
59100	4	1111	0.000206	0.000194	0.000187	0.000065	-29183.018
59200	4	1111	0.000151	0.000121	0.000113	0.000089	-29181.394
59300	4	1111	0.000190	0.000149	0.000143	0.000122	-29178.735
59400	4	1111	0.000192	0.000177	0.000170	0.000085	-29181.715
59500	4	1111	0.000236	0.000227	0.000223	0.000154	-29183.170
59600	4	1111	0.000292	0.000207	0.000198	0.000114	-29176.287
59700	4	1111	0.000435	0.000425	0.000372	0.000224	-29181.402
59800	4	1111	0.000224	0.000215	0.000206	0.000102	-29183.101
59900	4	1111	0.000142	0.000138	0.000135	0.000103	-29184.045
60000	4	1111	0.000208	0.000174	0.000166	0.000112	-29180.860
60100	4	1111	0.000185	0.000150	0.000147	0.000106	-29182.704
60200	4	1111	0.000176	0.000165	0.000151	0.000064	-29182.346
60300	4	1111	0.000237	0.000182	0.000174	0.000100	-29180.992
60400	4	1111	0.000236	0.000200	0.000200	0.000082	-29182.054
60500	4	1111	0.000266	0.000250	0.000243	0.000126	-29184.053
60600	4	1111	0.000192	0.000187	0.000186	0.000073	-29184.585
60700	4	1111	0.000228	0.000219	0.000213	0.000092	-29182.488
60800	4	1111	0.000241	0.000231	0.000224	0.000061	-29185.778
60900	4	1111	0.000186	0.000169	0.000146	0.000072	-29184.064
61000	4	1111	0.000212	0.000194	0.000176	0.000088	-29181.950
61100	4	1111	0.000161	0.000153	0.000151	0.000051	-29179.684
61200	4	1111	0.000191	0.000174	0.000117	0.000061	-29178.033
61300	4	1111	0.000387	0.000337	0.000329	0.000038	-29182.386
61400	3	1110	0.000391	0.000374	0.000326	-29182.191
61500	4	1111	0.000283	0.000235	0.000201	0.000105	-29175.928
61600	3	1110	0.000350	0.000263	0.000156	-29178.562
61700	4	1111	0.000200	0.000192	0.000140	0.000069	-29176.712
61800	4	1111	0.000318	0.000249	0.000235	0.000108	-29181.486
61900	4	1111	0.000135	0.000133	0.000112	0.000027	-29181.314
62000	4	1111	0.000265	0.000216	0.000214	0.000140	-29178.753
62100	4	1111	0.000250	0.000231	0.000218	0.000148	-29184.625
62200	4	1111	0.000321	0.000285	0.000285	0.000208	-29180.173
62300	4	1111	0.000200	0.000154	0.000131	0.000105	-29176.764
62400	4	1111	0.000313	0.000286	0.000198	0.000137	-29182.442
62500	4	1111	0.000214	0.000208	0.000205	0.000111	-29179.400
62600	4	1111	0.000194	0.000183	0.000169	0.000108	-29181.075
62700	4	1111	0.000296	0.000277	0.000219	0.000189	-29180.485
62800	4	1111	0.000171	0.000146	0.000136	0.000078	-29179.236
62900	4	1111	0.000325	0.000289	0.000289	0.000133	-29176.632
63000	4	1111	0.000144	0.000125	0.000125	0.000073	-29184.088
63100	4	1111	0.000329	0.000294	0.000287	0.000114	-29181.891
63200	4	1111	0.000285	0.000279	0.000270	0.000036	-29177.845
63300	4	1111	0.000264	0.000247	0.000202	0.000093	-29180.698
63400	4	1111	0.000170	0.000159	0.000149	0.000109	-29183.660
63500	4	1111	0.000364	0.000344	0.000317	0.000139	-29180.935
63600	4	1111	0.000319	0.000302	0.000248	0.000197	-29178.906
63700	4	1111	0.000281	0.000257	0.000253	0.000084	-29179.559
63800	4	1111	0.000191	0.000160	0.000089	0.000051	-29180.510
63900	4	1111	0.000214	0.000178	0.000149	0.000089	-29179.629
64000	4	1111	0.000195	0.000192	0.000181	0.000136	-29180.915
64100	3	1110	0.000218	0.000200	0.000182	-29178.132
64200	4	1111	0.000141	0.000131	0.000122	0.000045	-29183.593
64300	3	1110	0.000187	0.000176	0.000172	-29182.221
64400	4	1111	0.000157	0.000151	0.000131	0.000014	-29184.322
64500	4	1111	0.000323	0.000312	0.000301	0.000065	-29181.250
64600	4	1111	0.000127	0.000112	0.000085	0.000011	-29186.331
64700	4	1111	0.000215	0.000201	0.000196	0.000020	-29179.952
64800	4	1111	0.000176	0.000160	0.000127	0.000068	-29181.434
64900	4	1111	0.000172	0.000167	0.000163	0.000051	-29179.079
65000	3	1110	0.000340	0.000333	0.000300	-29179.815
65100	4	1111	0.000380	0.000349	0.000309	0.000221	-29185.872
65200	4	1111	0.000217	0.000209	0.000200	0.000037	-29175.713
65300	3	1110	0.000278	0.000238	0.000233	-29178.114
65400	4	1111	0.000177	0.000156	0.000145	0.000109	-29178.888
65500	4	1111	0.000332	0.000241	0.000197	0.000098	-29179.419
65600	4	1111	0.000346	0.000322	0.000322	0.000142	-29181.470
65700	4	1111	0.000226	0.000187	0.000114	0.000031	-29183.587
65800	4	1111	0.000266	0.000258	0.000257	0.000053	-29176.478
65900	4	1111	0.000237	0.000212	0.000209	0.000061	-29179.411
66000	4	1111	0.000258	0.000248	0.000242	0.000030	-29179.608
66100	4	1111	0.000211	0.000202	0.000188	0.000046	-29179.304
66200	4	1111	0.000365	0.000347	0.000318	0.000143	-29179.897
66300	4	1111	0.000310	0.000292	0.000194	0.000093	-29173.370
66400	4	1111	0.000215	0.000202	0.000101	0.000030	-29180.443
66500	4	1111	0.000184	0.000158	0.000110	0.000065	-29179.611
66600	4	1111	0.000290	0.000267	0.000251	0.000215	-29180.721
66700	4	1111	0.000329	0.000284	0.000250	0.000183	-29180.873
66800	4	1111	0.000227	0.000190	0.000177	0.000163	-29184.103
66900	4	1111	0.000215	0.000191	0.000143	0.000107	-29175.869
67000	4	1111	0.000271	0.000216	0.000214	0.000174	-29183.320
67100	4	1111	0.000249	0.000241	0.000228	0.000073	-29179.751
67200	3	1110	0.000147	0.000141	0.000136	-29183.715
67300	4	1111	0.000156	0.000133	0.000105	0.000042	-29181.735
67400	4	1111	0.000184	0.000181	0.000174	0.000103	-29184.845
67500	4	1111	0.000220	0.000204	0.000186	0.000107	-29181.572
67600	4	1111	0.000207	0.000152	0.000151	0.000124	-29182.788
67700	4	1111	0.000224	0.000199	0.000194	0.000057	-29179.076
67800	4	1111	0.000338	0.000282	0.000275	0.000171	-29180.799
67900	4	1111	0.000249	0.000203	0.000197	0.000038	-29183.743
68000	4	1111	0.000219	0.000213	0.000186	0.000121	-29184.065
68100	4	1111	0.000214	0.000208	0.000175	0.000129	-29185.473
68200	4	1111	0.000121	0.000101	0.000070	0.000037	-29181.558
68300	4	1111	0.000179	0.000166	0.000119	0.000031	-29180.425
68400	4	1111	0.000242	0.000180	0.000156	0.000039	-29180.722
68500	4	1111	0.000216	0.000171	0.000153	0.000106	-29180.484
68600	4	1111	0.000301	0.000249	0.000249	0.000176	-29181.163
68700	4	1111	0.000355	0.000346	0.000334	0.000039	-29181.331
68800	4	1111	0.000377	0.000371	0.000340	0.000112	-29178.441
68900	4	1111	0.000285	0.000273	0.000109	0.000066	-29180.147
69000	4	1111	0.000207	0.000193	0.000159	0.000086	-29179.791
69100	4	1111	0.000270	0.000214	0.000211	0.000076	-29184.627
69200	4	1111	0.000336	0.000255	0.000253	0.000184	-29180.928
69300	4	1111	0.000326	0.000312	0.000169	0.000134	-29183.665
69400	4	1111	0.000303	0.000271	0.000261	0.000159	-29175.843
69500	4	1111	0.000324	0.000310	0.000305	0.000139	-29181.404
69600	4	1111	0.000517	0.000338	0.000306	0.000252	-29178.704
69700	4	1111	0.000165	0.000150	0.000147	0.000041	-29178.171
69800	4	1111	0.000326	0.000294	0.000178	0.000129	-29174.062
69900	4	1111	0.000347	0.000266	0.000265	0.000057	-29176.125
70000	4	1111	0.000412	0.000372	0.000365	0.000169	-29178.340
70100	4	1111	0.000188	0.000170	0.000167	0.000056	-29176.419
70200	4	1111	0.000319	0.000255	0.000226	0.000099	-29179.492
70300	4	1111	0.000221	0.000155	0.000151	0.000087	-29177.694
70400	4	1111	0.000220	0.000195	0.000181	0.000023	-29177.458
70500	4	1111	0.000163	0.000155	0.000096	0.000055	-29178.813
70600	4	1111	0.000208	0.000201	0.000199	0.000109	-29178.722
70700	4	1111	0.000214	0.000174	0.000166	0.000070	-29176.256
70800	4	1111	0.000214	0.000178	0.000176	0.000069	-29182.522
70900	4	1111	0.000293	0.000260	0.000249	0.000087	-29175.728
71000	4	1111	0.000258	0.000228	0.000219	0.000103	-29180.776
71100	4	1111	0.000236	0.000232	0.000217	0.000113	-29178.219
71200	4	1111	0.000332	0.000214	0.000208	0.000167	-29178.786
71300	4	1111	0.000236	0.000222	0.000201	0.000020	-29180.301
71400	4	1111	0.000143	0.000126	0.000126	0.000091	-29176.338
71500	4	1111	0.000218	0.000207	0.000189	0.000062	-29179.293
71600	4	1111	0.000281	0.000265	0.000257	0.000103	-29180.730
71700	3	1110	0.000259	0.000236	0.000234	-29180.578
71800	4	1111	0.000163	0.000147	0.000130	0.000039	-29176.940
71900	4	1111	0.000190	0.000131	0.000124	0.000087	-29180.003
72000	4	1111	0.000111	0.000105	0.000101	0.000083	-29183.234
72100	4	1111	0.000172	0.000160	0.000141	0.000067	-29180.276
72200	4	1111	0.000219	0.000211	0.000177	0.000102	-29181.175
72300	4	1111	0.000199	0.000195	0.000195	0.000057	-29182.109
72400	4	1111	0.000289	0.000165	0.000152	0.000036	-29173.029
72500	4	1111	0.000184	0.000138	0.000131	0.000092	-29179.564
72600	4	1111	0.000266	0.000235	0.000209	0.000023	-29179.956
72700	4	1111	0.000152	0.000145	0.000135	0.000002	-29181.411
72800	4	1111	0.000219	0.000212	0.000212	0.000126	-29171.429
72900	4	1111	0.000292	0.000280	0.000274	0.000188	-29175.702
73000	4	1111	0.000338	0.000327	0.000315	0.000072	-29176.360
73100	4	1111	0.000250	0.000239	0.000224	0.000115	-29180.082
73200	4	1111	0.000281	0.000259	0.000249	0.000060	-29177.124
73300	4	1111	0.000210	0.000192	0.000188	0.000065	-29175.686
73400	4	1111	0.000163	0.000150	0.000142	0.000056	-29179.888
73500	4	1111	0.000201	0.000186	0.000180	0.000066	-29179.821
73600	4	1111	0.000248	0.000210	0.000181	0.000118	-29178.539
73700	4	1111	0.000292	0.000286	0.000233	0.000128	-29181.863
73800	4	1111	0.000190	0.000159	0.000139	0.000038	-29181.563
73900	4	1111	0.000196	0.000191	0.000186	0.000075	-29181.220
74000	4	1111	0.000237	0.000217	0.000198	0.000158	-29181.737
74100	4	1111	0.000299	0.000288	0.000241	0.000168	-29180.744
74200	4	1111	0.000337	0.000315	0.000304	0.000158	-29180.747
74300	4	1111	0.000318	0.000298	0.000296	0.000195	-29179.505
74400	4	1111	0.000271	0.000263	0.000215	0.000164	-29180.577
74500	4	1111	0.000219	0.000203	0.000198	0.000129	-29181.596
74600	4	1111	0.000234	0.000217	0.000194	0.000095	-29179.179
74700	4	1111	0.000191	0.000169	0.000164	0.000137	-29178.390
74800	4	1111	0.000273	0.000247	0.000241	0.000072	-29174.139
74900	4	1111	0.000257	0.000228	0.000220	0.000076	-29174.300
75000	4	1111	0.000192	0.000181	0.000157	0.000048	-29183.143
75100	4	1111	0.000241	0.000211	0.000177	0.000121	-29173.539
75200	4	1111	0.000202	0.000149	0.000120	0.000060	-29179.554
75300	4	1111	0.000219	0.000168	0.000156	0.000086	-29171.623
75400	4	1111	0.000352	0.000278	0.000259	0.000077	-29172.396
75500	4	1111	0.000166	0.000137	0.000085	0.000054	-29173.882
75600	4	1111	0.000170	0.000142	0.000135	0.000083	-29179.152
75700	4	1111	0.000182	0.000156	0.000153	0.000074	-29176.507
75800	4	1111	0.000310	0.000263	0.000262	0.000192	-29180.857
75900	4	1111	0.000401	0.000374	0.000355	0.000191	-29181.283
76000	4	1111	0.000207	0.000202	0.000198	0.000039	-29173.714
76100	4	1111	0.000192	0.000121	0.000100	0.000041	-29173.575
76200	4	1111	0.000147	0.000123	0.000094	0.000053	-29176.763
76300	4	1111	0.000145	0.000130	0.000088	0.000001	-29180.516
76400	3	1110	0.000226	0.000178	0.000168	-29176.954
76500	4	1111	0.000177	0.000165	0.000160	0.000108	-29181.603
76600	4	1111	0.000282	0.000256	0.000187	0.000046	-29178.366
76700	3	1110	0.000267	0.000247	0.000246	-29179.062
76800	4	1111	0.000285	0.000168	0.000162	0.000030	-29172.998
76900	4	1111	0.000283	0.000254	0.000253	0.000049	-29174.508
77000	4	1111	0.000130	0.000109	0.000092	0.000041	-29177.635
77100	4	1111	0.000189	0.000181	0.000171	0.000103	-29185.074
77200	4	1111	0.000257	0.000241	0.000234	0.000155	-29177.120
77300	4	1111	0.000324	0.000288	0.000288	0.000069	-29178.485
77400	4	1111	0.000233	0.000219	0.000209	0.000037	-29172.806
77500	4	1111	0.000225	0.000167	0.000137	0.000024	-29173.100
77600	4	1111	0.000221	0.000186	0.000185	0.000091	-29180.004
77700	4	1111	0.000305	0.000285	0.000275	0.000082	-29184.954
77800	3	1110	0.000138	0.000130	0.000120	-29176.052
77900	4	1111	0.000306	0.000281	0.000266	0.000123	-29179.624
78000	4	1111	0.000325	0.000299	0.000290	0.000154	-29173.721
78100	4	1111	0.000280	0.000264	0.000257	0.000201	-29176.463
78200	4	1111	0.000247	0.000232	0.000225	0.000117	-29180.679
78300	4	1111	0.000317	0.000282	0.000270	0.000104	-29177.363
78400	4	1111	0.000213	0.000205	0.000205	0.000096	-29175.542
78500	4	1111	0.000207	0.000180	0.000178	0.000073	-29180.636
78600	4	1111	0.000210	0.000198	0.000168	0.000105	-29179.429
78700	4	1111	0.000276	0.000258	0.000258	0.000152	-29180.882
78800	4	1111	0.000179	0.000148	0.000135	0.000097	-29178.758
78900	4	1111	0.000164	0.000149	0.000114	0.000040	-29180.793
79000	4	1111	0.000121	0.000102	0.000093	0.000031	-29180.507
79100	4	1111	0.000228	0.000212	0.000156	0.000043	-29180.502
79200	4	1111	0.000295	0.000279	0.000274	0.000048	-29178.844
79300	4	1111	0.000249	0.000233	0.000181	0.000079	-29179.897
79400	4	1111	0.000189	0.000175	0.000163	0.000051	-29179.434
79500	4	1111	0.000148	0.000126	0.000107	0.000063	-29179.355
79600	4	1111	0.000237	0.000216	0.000207	0.000068	-29177.724
79700	4	1111	0.000196	0.000187	0.000186	0.000027	-29178.695
79800	4	1111	0.000230	0.000222	0.000161	0.000078	-29172.183
79900	4	1111	0.000233	0.000129	0.000123	0.000104	-29177.680
80000	4	1111	0.000236	0.000191	0.000140	0.000098	-29177.558
80100	4	1111	0.000375	0.000347	0.000341	0.000092	-29179.432
80200	4	1111	0.000195	0.000103	0.000099	0.000066	-29180.786
80300	3	1110	0.000474	0.000440	0.000432	-29177.634
80400	4	1111	0.000256	0.000203	0.000192	0.000109	-29175.867
80500	4	1111	0.000346	0.000332	0.000319	0.000199	-29178.005
80600	4	1111	0.000341	0.000294	0.000291	0.000211	-29181.973
80700	4	1111	0.000283	0.000216	0.000197	0.000105	-29176.378
80800	4	1111	0.000390	0.000377	0.000375	0.000062	-29177.055
80900	4	1111	0.000233	0.000220	0.000218	0.000144	-29183.567
81000	4	1111	0.000282	0.000244	0.000222	0.000032	-29176.326
81100	4	1111	0.000404	0.000376	0.000372	0.000189	-29181.231
81200	4	1111	0.000233	0.000206	0.000191	0.000104	-29176.143
81300	4	1111	0.000293	0.000235	0.000233	0.000188	-29180.526
81400	4	1111	0.000253	0.000213	0.000166	0.000098	-29172.698
81500	4	1111	0.000236	0.000195	0.000162	0.000130	-29177.546
81600	4	1111	0.000273	0.000246	0.000185	0.000146	-29172.407
81700	4	1111	0.000233	0.000209	0.000209	0.000190	-29182.228
81800	4	1111	0.000237	0.000218	0.000193	0.000121	-29180.841
81900	4	1111	0.000176	0.000164	0.000133	0.000086	-29180.730
82000	4	1111	0.000199	0.000196	0.000163	0.000079	-29178.631
82100	4	1111	0.000291	0.000198	0.000133	0.000060	-29177.796
82200	4	1111	0.000368	0.000320	0.000312	0.000072	-29182.719
82300	4	1111	0.000249	0.000183	0.000177	0.000062	-29176.756
82400	4	1111	0.000456	0.000434	0.000321	0.000168	-29177.788
82500	4	1111	0.000306	0.000283	0.000272	0.000206	-29175.286
82600	4	1111	0.000257	0.000226	0.000226	0.000100	-29176.416
82700	4	1111	0.000381	0.000334	0.000311	0.000079	-29173.212
82800	4	1111	0.000373	0.000367	0.000320	0.000155	-29177.314
82900	4	1111	0.000361	0.000309	0.000282	0.000025	-29176.289
83000	4	1111	0.000376	0.000350	0.000341	0.000072	-29179.276
83100	4	1111	0.000440	0.000435	0.000392	0.000069	-29180.011
83200	4	1111	0.000222	0.000190	0.000178	0.000114	-29181.434
83300	4	1111	0.000232	0.000201	0.000192	0.000119	-29177.289
83400	3	1110	0.000174	0.000154	0.000139	-29176.514
83500	4	1111	0.000255	0.000223	0.000220	0.000042	-29177.180
83600	4	1111	0.000173	0.000160	0.000156	0.000084	-29177.644
83700	4	1111	0.000177	0.000172	0.000170	0.000024	-29178.115
83800	4	1111	0.000317	0.000272	0.000258	0.000126	-29178.512
83900	4	1111	0.000255	0.000238	0.000236	0.000131	-29177.222
84000	4	1111	0.000285	0.000271	0.000262	0.000156	-29178.061
84100	4	1111	0.000410	0.000398	0.000322	0.000164	-29181.102
84200	4	1111	0.000195	0.000162	0.000152	0.000080	-29177.998
84300	4	1111	0.000242	0.000201	0.000195	0.000168	-29181.206
84400	4	1111	0.000351	0.000323	0.000228	0.000060	-29177.361
84500	4	1111	0.000234	0.000221	0.000186	0.000111	-29174.456
84600	4	1111	0.000338	0.000326	0.000271	0.000043	-29174.966
84700	4	1111	0.000305	0.000296	0.000295	0.000057	-29172.287
84800	4	1111	0.000329	0.000317	0.000310	0.000121	-29171.918
84900	4	1111	0.000240	0.000198	0.000188	0.000053	-29174.282
85000	4	1111	0.000287	0.000283	0.000191	0.000072	-29175.413
85100	4	1111	0.000239	0.000221	0.000198	0.000092	-29177.808
85200	4	1111	0.000189	0.000172	0.000170	0.000093	-29177.666
85300	4	1111	0.000248	0.000238	0.000206	0.000051	-29176.857
85400	4	1111	0.000409	0.000407	0.000403	0.000071	-29177.432
85500	4	1111	0.000246	0.000236	0.000228	0.000094	-29178.250
85600	4	1111	0.000399	0.000284	0.000282	0.000149	-29179.721
85700	4	1111	0.000496	0.000463	0.000376	0.000113	-29181.791
85800	4	1111	0.000307	0.000295	0.000282	0.000176	-29175.338
85900	4	1111	0.000240	0.000212	0.000201	0.000053	-29176.674
86000	4	1111	0.000274	0.000233	0.000216	0.000076	-29175.904
86100	4	1111	0.000265	0.000263	0.000225	0.000129	-29176.643
86200	4	1111	0.000306	0.000300	0.000264	0.000114	-29176.447
86300	4	1111	0.000476	0.000472	0.000468	0.000169	-29183.693
86400	4	1111	0.000251	0.000242	0.000235	0.000113	-29177.253
86500	4	1111	0.000335	0.000298	0.000296	0.000063	-29178.426
86600	4	1111	0.000297	0.000260	0.000243	0.000155	-29176.621
86700	4	1111	0.000433	0.000417	0.000346	0.000233	-29175.374
86800	4	1111	0.000150	0.000124	0.000115	0.000037	-29173.918
86900	4	1111	0.000221	0.000144	0.000119	0.000020	-29181.467
87000	4	1111	0.000388	0.000356	0.000291	0.000189	-29178.209
87100	4	1111	0.000317	0.000266	0.000237	0.000162	-29176.219
87200	4	1111	0.000267	0.000256	0.000247	0.000108	-29176.070
87300	4	1111	0.000268	0.000219	0.000197	0.000036	-29175.969
87400	4	1111	0.000226	0.000208	0.000206	0.000175	-29177.619
87500	4	1111	0.000422	0.000394	0.000368	0.000188	-29177.084
87600	4	1111	0.000185	0.000158	0.000143	0.000069	-29181.594
87700	4	1111	0.000343	0.000331	0.000268	0.000071	-29175.355
87800	4	1111	0.000304	0.000287	0.000277	0.000206	-29172.937
87900	4	1111	0.000215	0.000203	0.000191	0.000170	-29174.831
88000	4	1111	0.000277	0.000257	0.000213	0.000184	-29175.981
88100	4	1111	0.000231	0.000219	0.000173	0.000094	-29173.565
88200	4	1111	0.000274	0.000255	0.000236	0.000163	-29177.429
88300	4	1111	0.000296	0.000268	0.000258	0.000108	-29172.401
88400	4	1111	0.000290	0.000232	0.000225	0.000073	-29178.758
88500	4	1111	0.000409	0.000366	0.000355	0.000126	-29179.616
88600	4	1111	0.000284	0.000252	0.000239	0.000179	-29181.796
88700	4	1111	0.000221	0.000168	0.000157	0.000083	-29180.130
88800	4	1111	0.000207	0.000194	0.000192	0.000095	-29174.219
88900	4	1111	0.000307	0.000198	0.000192	0.000136	-29180.860
89000	4	1111	0.000212	0.000179	0.000176	0.000092	-29174.765
89100	4	1111	0.000238	0.000229	0.000185	0.000159	-29175.143
89200	4	1111	0.000173	0.000162	0.000153	0.000119	-29181.531
89300	4	1111	0.000450	0.000444	0.000433	0.000149	-29177.223
89400	4	1111	0.000290	0.000264	0.000191	0.000121	-29178.141
89500	4	1111	0.000162	0.000150	0.000146	0.000081	-29177.168
89600	4	1111	0.000288	0.000248	0.000247	0.000111	-29177.802
89700	4	1111	0.000224	0.000217	0.000216	0.000084	-29181.870
89800	4	1111	0.000387	0.000311	0.000301	0.000159	-29180.202
89900	4	1111	0.000247	0.000212	0.000209	0.000101	-29178.685
90000	4	1111	0.000228	0.000193	0.000174	0.000154	-29179.129
90100	4	1111	0.000238	0.000209	0.000194	0.000159	-29179.537
90200	4	1111	0.000468	0.000462	0.000226	0.000109	-29178.900
90300	4	1111	0.000270	0.000255	0.000231	0.000157	-29173.665
90400	4	1111	0.000289	0.000275	0.000263	0.000055	-29173.443
90500	4	1111	0.000257	0.000228	0.000223	0.000043	-29176.537
90600	4	1111	0.000357	0.000308	0.000231	0.000165	-29181.881
90700	4	1111	0.000276	0.000250	0.000215	0.000177	-29175.549
90800	4	1111	0.000407	0.000344	0.000338	0.000088	-29176.630
90900	4	1111	0.000308	0.000273	0.000127	0.000047	-29173.696
91000	4	1111	0.000390	0.000332	0.000322	0.000131	-29175.574
91100	4	1111	0.000256	0.000130	0.000126	0.000108	-29175.872
91200	4	1111	0.000175	0.000164	0.000161	0.000002	-29176.150
91300	4	1111	0.000258	0.000216	0.000197	0.000164	-29178.568
91400	4	1111	0.000243	0.000227	0.000206	0.000132	-29179.461
91500	4	1111	0.000308	0.000284	0.000283	0.000063	-29178.020
91600	4	1111	0.000251	0.000176	0.000174	0.000115	-29179.108
91700	4	1111	0.000168	0.000094	0.000077	0.000045	-29179.575
91800	4	1111	0.000194	0.000180	0.000153	0.000059	-29181.142
91900	4	1111	0.000215	0.000196	0.000138	0.000097	-29176.624
92000	4	1111	0.000162	0.000128	0.000123	0.000109	-29175.982
92100	4	1111	0.000241	0.000230	0.000225	0.000087	-29177.056
92200	4	1111	0.000368	0.000346	0.000339	0.000106	-29181.078
92300	4	1111	0.000340	0.000311	0.000296	0.000079	-29178.027
92400	4	1111	0.000170	0.000160	0.000143	0.000061	-29177.468
92500	4	1111	0.000294	0.000270	0.000262	0.000151	-29177.836
92600	4	1111	0.000283	0.000261	0.000186	0.000123	-29174.814
92700	4	1111	0.000163	0.000152	0.000143	0.000042	-29179.919
92800	4	1111	0.000205	0.000175	0.000175	0.000006	-29180.143
92900	4	1111	0.000181	0.000159	0.000151	0.000034	-29178.820
93000	4	1111	0.000241	0.000212	0.000192	0.000058	-29175.872
93100	4	1111	0.000310	0.000298	0.000273	0.000208	-29177.985
93200	4	1111	0.000183	0.000153	0.000129	0.000038	-29174.823
93300	4	1111	0.000113	0.000096	0.000093	0.000040	-29182.366
93400	4	1111	0.000177	0.000166	0.000158	0.000085	-29178.968
93500	4	1111	0.000226	0.000201	0.000186	0.000082	-29182.656
93600	4	1111	0.000284	0.000253	0.000240	0.000175	-29178.573
93700	4	1111	0.000256	0.000235	0.000204	0.000088	-29179.404
93800	4	1111	0.000327	0.000311	0.000242	0.000149	-29175.140
93900	4	1111	0.000303	0.000275	0.000272	0.000073	-29176.604
94000	4	1111	0.000299	0.000291	0.000280	0.000175	-29180.397
94100	4	1111	0.000219	0.000209	0.000143	0.000105	-29173.790
94200	4	1111	0.000286	0.000244	0.000243	0.000174	-29175.441
94300	4	1111	0.000324	0.000303	0.000284	0.000116	-29178.583
94400	4	1111	0.000231	0.000217	0.000189	0.000165	-29181.791
94500	4	1111	0.000354	0.000348	0.000339	0.000248	-29176.772
94600	4	1111	0.000341	0.000331	0.000331	0.000112	-29177.137
94700	4	1111	0.000326	0.000316	0.000283	0.000093	-29174.712
94800	4	1111	0.000193	0.000181	0.000181	0.000006	-29178.674
94900	4	1111	0.000284	0.000261	0.000229	0.000073	-29177.896
95000	4	1111	0.000188	0.000180	0.000156	0.000034	-29174.214
95100	4	1111	0.000335	0.000320	0.000316	0.000067	-29180.894
95200	4	1111	0.000156	0.000147	0.000115	0.000015	-29177.353
95300	4	1111	0.000189	0.000181	0.000179	0.000074	-29182.788
95400	4	1111	0.000203	0.000187	0.000187	0.000095	-29178.482
95500	4	1111	0.000188	0.000169	0.000164	0.000043	-29180.825
95600	4	1111	0.000210	0.000188	0.000161	0.000038	-29180.999
95700	4	1111	0.000151	0.000143	0.000139	0.000054	-29181.511
95800	4	1111	0.000176	0.000169	0.000168	0.000091	-29180.930
95900	4	1111	0.000266	0.000261	0.000247	0.000069	-29177.219
96000	4	1111	0.000246	0.000238	0.000236	0.000136	-29178.794
96100	4	1111	0.000244	0.000224	0.000190	0.000157	-29183.855
96200	4	1111	0.000201	0.000197	0.000191	0.000033	-29180.246
96300	4	1111	0.000150	0.000135	0.000134	0.000112	-29183.188
96400	4	1111	0.000250	0.000243	0.000233	0.000044	-29175.550
96500	4	1111	0.000250	0.000224	0.000204	0.000071	-29182.970
96600	4	1111	0.000233	0.000228	0.000172	0.000052	-29177.261
96700	4	1111	0.000216	0.000201	0.000161	0.000063	-29176.006
96800	4	1111	0.000272	0.000256	0.000231	0.000068	-29180.120
96900	4	1111	0.000194	0.000174	0.000149	0.000056	-29176.442
97000	4	1111	0.000186	0.000134	0.000127	0.000034	-29177.456
97100	4	1111	0.000122	0.000115	0.000112	0.000054	-29175.215
97200	3	1110	0.000182	0.000164	0.000143	-29176.646
97300	4	1111	0.000198	0.000183	0.000174	0.000096	-29180.961
97400	4	1111	0.000178	0.000175	0.000139	0.000037	-29181.518
97500	4	1111	0.000176	0.000168	0.000165	0.000034	-29182.870
97600	4	1111	0.000185	0.000165	0.000157	0.000026	-29178.865
97700	4	1111	0.000190	0.000181	0.000172	0.000065	-29181.454
97800	4	1111	0.000234	0.000203	0.000193	0.000032	-29181.073
97900	4	1111	0.000193	0.000187	0.000185	0.000115	-29181.903
98000	4	1111	0.000194	0.000180	0.000171	0.000099	-29178.768
98100	4	1111	0.000230	0.000213	0.000187	0.000115	-29178.700
98200	4	1111	0.000220	0.000208	0.000207	0.000030	-29178.380
98300	4	1111	0.000160	0.000146	0.000144	0.000056	-29179.485
98400	4	1111	0.000189	0.000174	0.000169	0.000086	-29180.170
98500	4	1111	0.000204	0.000192	0.000111	0.000045	-29181.448
98600	4	1111	0.000177	0.000137	0.000130	0.000068	-29174.584
98700	4	1111	0.000160	0.000153	0.000153	0.000079	-29182.106
98800	3	1110	0.000209	0.000186	0.000165	-29175.932
98900	4	1111	0.000259	0.000249	0.000219	0.000107	-29180.496
99000	4	1111	0.000219	0.000207	0.000183	0.000139	-29178.186
99100	4	1111	0.000196	0.000187	0.000167	0.000099	-29176.609
99200	4	1111	0.000306	0.000288	0.000276	0.000044	-29175.767
99300	4	1111	0.000306	0.000286	0.000279	0.000155	-29178.405
99400	4	1111	0.000268	0.000258	0.000181	0.000085	-29180.878
99500	4	1111	0.000236	0.000223	0.000188	0.000063	-29179.274
99600	4	1111	0.000194	0.000191	0.000132	0.000060	-29179.455
99700	4	1111	0.000198	0.000162	0.000158	0.000053	-29173.827
99800	3	1110	0.000099	0.000095	0.000093	-29180.522
99900	4	1111	0.000166	0.000149	0.000146	0.000073	-29177.668
100000	4	1111	0.000122	0.000118	0.000116	0.000060	-29180.473
