Gen	np	tree	tau_11S1.1S1.5S1.8S3.3S3.9S1.7S2.4S2.10S1.2S1.6	tau_12S1.1S1.5S1.8S3.3S3.9S1.7S2.4S2.10	tau_15S3.3S3.9S1.7S2.4S2.10	tau_16S3.3S3.9S1.7	tau_17S3.3S3.9	tau_19S1.2S1.6	lnL
100	0	000000000	-25157.305
200	0	000000000	-25157.987
300	0	000000000	-25161.964
400	0	000000000	-25161.288
500	0	000000000	-25163.809
600	0	000000000	-25158.186
700	0	000000000	-25164.694
800	0	000000000	-25168.045
900	0	000000000	-25159.762
1000	0	000000000	-25160.228
1100	0	000000000	-25163.183
1200	0	000000000	-25162.054
1300	0	000000000	-25163.616
1400	0	000000000	-25166.563
1500	0	000000000	-25161.891
1600	0	000000000	-25159.211
1700	0	000000000	-25157.836
1800	0	000000000	-25161.721
1900	0	000000000	-25160.851
2000	0	000000000	-25158.722
2100	0	000000000	-25162.981
2200	0	000000000	-25160.120
2300	0	000000000	-25161.391
2400	0	000000000	-25162.440
2500	0	000000000	-25158.377
2600	0	000000000	-25158.367
2700	0	000000000	-25163.479
2800	5	110010011	0.001525	0.001505	0.001270	0.000024	0.000243	-25167.264
2900	6	110011011	0.001463	0.001114	0.000924	0.000733	0.000339	0.000249	-25161.596
3000	6	111110001	0.001361	0.001218	0.001013	0.000231	0.000869	0.000029	-25159.735
3100	7	110011111	0.001447	0.001433	0.001291	0.001114	0.000711	0.000312	0.000286	-25157.986
3200	8	111011111	0.001798	0.001747	0.000995	0.001373	0.000670	0.000022	0.000430	0.001602	-25162.047
3300	5	110011100	0.001723	0.001321	0.001304	0.000483	0.000060	-25163.254
3400	6	111110010	0.001540	0.001509	0.001343	0.000918	0.001386	0.001204	-25159.170
3500	5	111110000	0.001487	0.001364	0.001322	0.000535	0.000185	-25164.151
3600	9	111111111	0.001198	0.001159	0.000969	0.000722	0.000854	0.000544	0.000284	0.000635	0.000048	-25160.058
3700	9	111111111	0.001055	0.000894	0.000822	0.000305	0.000744	0.000672	0.000417	0.000394	0.000652	-25160.387
3800	6	111110001	0.001003	0.000902	0.000280	0.000152	0.000228	0.000691	-25163.054
3900	8	111111101	0.001018	0.000968	0.000617	0.000608	0.000852	0.000241	0.000021	0.000263	-25159.403
4000	0	000000000	-25163.017
4100	0	000000000	-25154.922
4200	0	000000000	-25163.620
4300	0	000000000	-25157.723
4400	0	000000000	-25158.306
4500	0	000000000	-25166.107
4600	1	100000000	0.000862	-25158.888
4700	0	000000000	-25158.396
4800	0	000000000	-25159.512
4900	0	000000000	-25158.191
5000	0	000000000	-25159.917
5100	0	000000000	-25166.452
5200	0	000000000	-25163.998
5300	0	000000000	-25165.537
5400	0	000000000	-25157.686
5500	0	000000000	-25160.146
5600	0	000000000	-25159.614
5700	0	000000000	-25165.301
5800	0	000000000	-25157.554
5900	0	000000000	-25160.416
6000	0	000000000	-25163.929
6100	0	000000000	-25161.736
6200	0	000000000	-25160.950
6300	0	000000000	-25162.658
6400	0	000000000	-25161.854
6500	0	000000000	-25162.152
6600	0	000000000	-25160.078
6700	0	000000000	-25163.518
6800	0	000000000	-25163.640
6900	0	000000000	-25162.893
7000	0	000000000	-25161.947
7100	0	000000000	-25165.541
7200	0	000000000	-25161.217
7300	0	000000000	-25157.587
7400	0	000000000	-25162.938
7500	0	000000000	-25163.380
7600	0	000000000	-25160.019
7700	0	000000000	-25163.901
7800	0	000000000	-25158.516
7900	0	000000000	-25162.589
8000	0	000000000	-25153.425
8100	0	000000000	-25158.004
8200	0	000000000	-25160.965
8300	0	000000000	-25161.843
8400	0	000000000	-25164.662
8500	0	000000000	-25158.653
8600	0	000000000	-25162.139
8700	0	000000000	-25157.362
8800	0	000000000	-25160.518
8900	0	000000000	-25164.068
9000	0	000000000	-25163.480
9100	0	000000000	-25162.079
9200	0	000000000	-25163.088
9300	0	000000000	-25155.017
9400	0	000000000	-25161.433
9500	0	000000000	-25161.644
9600	0	000000000	-25161.118
9700	0	000000000	-25156.403
9800	0	000000000	-25169.739
9900	0	000000000	-25162.836
10000	0	000000000	-25161.376
10100	0	000000000	-25159.392
10200	0	000000000	-25157.964
10300	0	000000000	-25161.981
10400	0	000000000	-25161.477
10500	0	000000000	-25158.460
10600	0	000000000	-25157.505
10700	0	000000000	-25161.745
10800	0	000000000	-25165.327
10900	0	000000000	-25163.069
11000	0	000000000	-25160.115
11100	0	000000000	-25158.852
11200	0	000000000	-25156.824
11300	0	000000000	-25160.117
11400	0	000000000	-25162.914
11500	0	000000000	-25160.640
11600	0	000000000	-25159.263
11700	0	000000000	-25159.610
11800	0	000000000	-25161.483
11900	0	000000000	-25163.678
12000	0	000000000	-25162.425
12100	0	000000000	-25161.850
12200	4	110010001	0.001355	0.001197	0.000713	0.001333	-25158.025
12300	4	110010001	0.001224	0.000739	0.000607	0.001145	-25156.606
12400	7	111111100	0.001036	0.001010	0.000397	0.000308	0.000980	0.000890	0.000164	-25161.257
12500	6	111110010	0.001027	0.000995	0.000571	0.000360	0.000702	0.000124	-25161.958
12600	5	110010011	0.000909	0.000884	0.000105	0.000051	0.000533	-25161.195
12700	5	110011001	0.000885	0.000749	0.000712	0.000607	0.000352	-25158.346
12800	3	110010000	0.000840	0.000612	0.000180	-25161.491
12900	0	000000000	-25157.309
13000	0	000000000	-25161.095
13100	0	000000000	-25157.805
13200	0	000000000	-25156.685
13300	0	000000000	-25157.566
13400	0	000000000	-25159.389
13500	0	000000000	-25160.467
13600	0	000000000	-25161.599
13700	0	000000000	-25160.779
13800	0	000000000	-25158.955
13900	0	000000000	-25158.772
14000	0	000000000	-25159.588
14100	0	000000000	-25165.368
14200	0	000000000	-25160.173
14300	0	000000000	-25163.433
14400	0	000000000	-25157.453
14500	0	000000000	-25159.274
14600	0	000000000	-25158.616
14700	0	000000000	-25162.901
14800	0	000000000	-25160.644
14900	0	000000000	-25161.471
15000	0	000000000	-25160.305
15100	0	000000000	-25158.715
15200	0	000000000	-25165.150
15300	0	000000000	-25159.901
15400	0	000000000	-25162.812
15500	0	000000000	-25158.349
15600	0	000000000	-25166.470
15700	0	000000000	-25155.742
15800	0	000000000	-25159.074
15900	0	000000000	-25161.316
16000	0	000000000	-25156.030
16100	0	000000000	-25158.202
16200	0	000000000	-25158.031
16300	0	000000000	-25159.461
16400	0	000000000	-25164.480
16500	0	000000000	-25156.694
16600	0	000000000	-25162.283
16700	0	000000000	-25162.497
16800	0	000000000	-25154.504
16900	0	000000000	-25159.149
17000	0	000000000	-25160.413
17100	0	000000000	-25160.931
17200	0	000000000	-25156.246
17300	0	000000000	-25159.446
17400	0	000000000	-25158.266
17500	0	000000000	-25159.850
17600	0	000000000	-25165.660
17700	0	000000000	-25157.800
17800	0	000000000	-25164.855
17900	0	000000000	-25167.760
18000	0	000000000	-25158.909
18100	0	000000000	-25158.145
18200	0	000000000	-25160.428
18300	0	000000000	-25158.873
18400	0	000000000	-25160.168
18500	0	000000000	-25161.734
18600	0	000000000	-25160.743
18700	0	000000000	-25159.008
18800	0	000000000	-25157.818
18900	0	000000000	-25159.124
19000	0	000000000	-25159.135
19100	1	100000000	0.001035	-25155.861
19200	4	110010010	0.001007	0.000984	0.000777	0.000231	-25160.604
19300	8	111011111	0.000944	0.000786	0.000423	0.000760	0.000208	0.000099	0.000093	0.000521	-25161.433
19400	5	111010010	0.000896	0.000790	0.000565	0.000573	0.000167	-25159.099
19500	4	111010000	0.000877	0.000795	0.000015	0.000423	-25157.284
19600	4	110011000	0.000872	0.000789	0.000729	0.000290	-25159.478
19700	5	111010001	0.000864	0.000688	0.000288	0.000541	0.000745	-25158.687
19800	6	110011011	0.000877	0.000817	0.000574	0.000210	0.000420	0.000479	-25162.171
19900	7	111011011	0.000764	0.000736	0.000375	0.000636	0.000115	0.000378	0.000065	-25162.324
20000	6	110011110	0.000870	0.000794	0.000364	0.000234	0.000170	0.000328	-25163.477
20100	5	111010010	0.000798	0.000701	0.000212	0.000463	0.000461	-25162.511
20200	2	100000001	0.000827	0.000088	-25161.299
20300	0	000000000	-25160.686
20400	0	000000000	-25161.546
20500	0	000000000	-25161.100
20600	0	000000000	-25157.384
20700	0	000000000	-25165.136
20800	0	000000000	-25160.309
20900	0	000000000	-25158.670
21000	0	000000000	-25158.155
21100	0	000000000	-25164.995
21200	0	000000000	-25156.104
21300	0	000000000	-25160.736
21400	0	000000000	-25164.608
21500	0	000000000	-25158.967
21600	0	000000000	-25164.724
21700	0	000000000	-25160.247
21800	6	110011101	0.001147	0.001080	0.000949	0.000377	0.000369	0.000954	-25165.493
21900	0	000000000	-25163.759
22000	0	000000000	-25158.850
22100	0	000000000	-25159.733
22200	0	000000000	-25157.811
22300	0	000000000	-25163.302
22400	0	000000000	-25164.239
22500	0	000000000	-25158.352
22600	0	000000000	-25159.910
22700	0	000000000	-25156.905
22800	0	000000000	-25163.558
22900	0	000000000	-25154.295
23000	0	000000000	-25164.314
23100	0	000000000	-25156.541
23200	0	000000000	-25155.220
23300	0	000000000	-25160.093
23400	0	000000000	-25159.987
23500	0	000000000	-25163.023
23600	0	000000000	-25162.035
23700	0	000000000	-25160.921
23800	0	000000000	-25162.062
23900	0	000000000	-25163.066
24000	0	000000000	-25161.075
24100	0	000000000	-25161.848
24200	0	000000000	-25162.674
24300	0	000000000	-25158.955
24400	0	000000000	-25160.334
24500	0	000000000	-25160.723
24600	0	000000000	-25162.294
24700	0	000000000	-25156.278
24800	0	000000000	-25159.148
24900	0	000000000	-25167.503
25000	0	000000000	-25159.516
25100	0	000000000	-25164.158
25200	0	000000000	-25157.856
25300	0	000000000	-25160.680
25400	0	000000000	-25164.328
25500	0	000000000	-25159.426
25600	0	000000000	-25159.251
25700	0	000000000	-25162.392
25800	0	000000000	-25162.266
25900	0	000000000	-25158.583
26000	0	000000000	-25163.518
26100	0	000000000	-25162.241
26200	0	000000000	-25165.845
26300	6	111011100	0.001323	0.001165	0.000100	0.000889	0.000388	0.000166	-25161.737
26400	7	111111001	0.001534	0.001407	0.001066	0.000355	0.001291	0.000098	0.000982	-25163.144
26500	6	111011100	0.001533	0.001500	0.000293	0.001151	0.000470	0.000320	-25162.880
26600	7	111110011	0.001653	0.001036	0.001033	0.000462	0.000623	0.000117	0.000754	-25159.719
26700	7	111110011	0.001606	0.001570	0.000173	0.000122	0.001570	0.001153	0.001323	-25163.954
26800	7	111111010	0.001422	0.001368	0.001161	0.000396	0.001335	0.000173	0.001084	-25169.562
26900	8	111111101	0.001144	0.001118	0.001038	0.000654	0.000778	0.000416	0.000251	0.000920	-25158.523
27000	6	110011101	0.001087	0.000965	0.000706	0.000692	0.000448	0.000742	-25164.399
27100	4	110010001	0.000964	0.000348	0.000305	0.000491	-25160.643
27200	8	111111101	0.001148	0.001111	0.001056	0.000987	0.001083	0.000431	0.000083	0.000880	-25161.430
27300	6	111011100	0.000972	0.000926	0.000076	0.000845	0.000613	0.000246	-25161.119
27400	9	111111111	0.000968	0.000948	0.000367	0.000252	0.000894	0.000644	0.000568	0.000179	0.000149	-25158.651
27500	7	110011111	0.001035	0.000980	0.000868	0.000549	0.000108	0.000304	0.000068	-25163.166
27600	7	111011011	0.000951	0.000750	0.000519	0.000531	0.000422	0.000172	0.000053	-25163.500
27700	6	110011011	0.001026	0.000871	0.000591	0.000330	0.000537	0.000649	-25162.512
27800	7	111011011	0.001223	0.001159	0.000956	0.000965	0.000065	0.000157	0.000559	-25159.539
27900	6	111011100	0.001291	0.001119	0.000358	0.001092	0.001011	0.000422	-25162.573
28000	6	111110001	0.001515	0.001303	0.001020	0.000852	0.001061	0.000475	-25158.411
28100	6	111111000	0.001438	0.000932	0.000680	0.000424	0.000710	0.000217	-25161.845
28200	5	111100001	0.001411	0.001311	0.001073	0.000696	0.000041	-25163.816
28300	8	111111110	0.001334	0.001274	0.001005	0.000400	0.001260	0.001246	0.000473	0.001067	-25158.030
28400	6	110011011	0.001323	0.001316	0.001067	0.000411	0.000647	0.000725	-25156.222
28500	0	000000000	-25159.372
28600	0	000000000	-25162.388
28700	5	111010001	0.000998	0.000827	0.000735	0.000184	0.000541	-25158.483
28800	7	111011011	0.001097	0.000889	0.000785	0.000855	0.000082	0.000707	0.000190	-25161.328
28900	8	111111011	0.001068	0.000931	0.000625	0.000504	0.000444	0.000198	0.000412	0.000954	-25167.943
29000	3	110010000	0.000905	0.000319	0.000264	-25160.399
29100	8	111111110	0.000897	0.000831	0.000578	0.000416	0.000815	0.000691	0.000625	0.000526	-25163.256
29200	7	111011011	0.000954	0.000875	0.000225	0.000858	0.000412	0.000486	0.000075	-25164.268
29300	8	111111011	0.000978	0.000898	0.000426	0.000310	0.000685	0.000630	0.000541	0.000591	-25162.073
29400	9	111111111	0.000907	0.000906	0.000623	0.000362	0.000861	0.000194	0.000032	0.000237	0.000631	-25161.035
29500	5	111010010	0.001006	0.000965	0.000684	0.000535	0.000237	-25158.366
29600	7	111111001	0.000976	0.000964	0.000832	0.000043	0.000870	0.000867	0.000631	-25162.123
29700	7	111011110	0.001011	0.000974	0.000876	0.000828	0.000630	0.000346	0.000528	-25162.932
29800	6	111010011	0.001188	0.000980	0.000624	0.000820	0.000232	0.000032	-25162.166
29900	7	111111010	0.001122	0.001121	0.001044	0.000766	0.000959	0.000042	0.000135	-25166.784
30000	5	111010010	0.001195	0.001064	0.000116	0.000638	0.000249	-25165.740
30100	6	111011010	0.001121	0.001063	0.000783	0.000874	0.000349	0.000350	-25162.342
30200	7	111011110	0.001013	0.000931	0.000101	0.000640	0.000523	0.000278	0.000600	-25171.026
30300	5	110011100	0.001154	0.001149	0.000579	0.000313	0.000258	-25158.105
30400	7	111011110	0.001163	0.000915	0.000316	0.000726	0.000612	0.000353	0.000721	-25163.729
30500	6	111111000	0.001108	0.001071	0.000964	0.000725	0.000919	0.000157	-25161.717
30600	0	000000000	-25157.445
30700	0	000000000	-25158.153
30800	0	000000000	-25160.476
30900	0	000000000	-25164.371
31000	0	000000000	-25161.174
31100	0	000000000	-25159.605
31200	0	000000000	-25160.216
31300	0	000000000	-25168.353
31400	0	000000000	-25159.984
31500	0	000000000	-25159.259
31600	0	000000000	-25160.319
31700	0	000000000	-25159.306
31800	0	000000000	-25162.970
31900	0	000000000	-25166.990
32000	0	000000000	-25163.381
32100	0	000000000	-25159.371
32200	0	000000000	-25164.561
32300	0	000000000	-25159.844
32400	0	000000000	-25155.036
32500	0	000000000	-25165.482
32600	0	000000000	-25160.812
32700	0	000000000	-25159.770
32800	0	000000000	-25164.824
32900	0	000000000	-25159.761
33000	0	000000000	-25163.317
33100	0	000000000	-25160.647
33200	0	000000000	-25166.351
33300	0	000000000	-25157.162
33400	0	000000000	-25160.609
33500	0	000000000	-25158.346
33600	0	000000000	-25160.422
33700	0	000000000	-25164.063
33800	0	000000000	-25157.555
33900	0	000000000	-25158.101
34000	0	000000000	-25157.704
34100	0	000000000	-25165.114
34200	0	000000000	-25156.391
34300	0	000000000	-25158.605
34400	0	000000000	-25162.372
34500	0	000000000	-25164.140
34600	0	000000000	-25158.618
34700	0	000000000	-25159.082
34800	0	000000000	-25161.654
34900	0	000000000	-25158.873
35000	0	000000000	-25157.406
35100	0	000000000	-25163.430
35200	0	000000000	-25152.685
35300	0	000000000	-25161.479
35400	0	000000000	-25163.240
35500	0	000000000	-25168.568
35600	0	000000000	-25160.266
35700	0	000000000	-25163.071
35800	0	000000000	-25162.910
35900	0	000000000	-25162.572
36000	0	000000000	-25159.210
36100	0	000000000	-25159.203
36200	0	000000000	-25162.184
36300	0	000000000	-25165.834
36400	3	110000001	0.000992	0.000866	0.000973	-25163.005
36500	5	111010010	0.000885	0.000882	0.000082	0.000077	0.000064	-25162.520
36600	7	110011111	0.001005	0.000973	0.000951	0.000867	0.000241	0.000083	0.000481	-25163.756
36700	7	111111010	0.001087	0.001056	0.000597	0.000390	0.000956	0.000834	0.000001	-25162.620
36800	7	111110011	0.001123	0.001038	0.000798	0.000718	0.000784	0.000671	0.000911	-25160.593
36900	6	111111000	0.000992	0.000897	0.000806	0.000780	0.000809	0.000506	-25160.711
37000	7	111011011	0.001067	0.001008	0.000157	0.000969	0.000146	0.000863	0.000264	-25159.226
37100	8	111111110	0.001152	0.001052	0.000881	0.000354	0.001028	0.000948	0.000876	0.000638	-25164.313
37200	6	111110010	0.001094	0.000982	0.000433	0.000247	0.000912	0.000618	-25166.418
37300	7	110011111	0.000835	0.000827	0.000812	0.000670	0.000565	0.000078	0.000748	-25159.677
37400	7	111011011	0.000776	0.000585	0.000499	0.000318	0.000128	0.000060	0.000292	-25160.411
37500	7	111111001	0.000795	0.000770	0.000326	0.000036	0.000392	0.000014	0.000579	-25162.540
37600	5	110011010	0.000691	0.000584	0.000570	0.000236	0.000518	-25165.994
37700	8	111011111	0.000748	0.000569	0.000078	0.000493	0.000252	0.000165	0.000435	0.000680	-25165.701
37800	4	110010010	0.000744	0.000701	0.000668	0.000637	-25162.843
37900	8	111111110	0.000625	0.000570	0.000324	0.000032	0.000412	0.000352	0.000074	0.000150	-25160.934
38000	6	111110010	0.000737	0.000661	0.000239	0.000206	0.000653	0.000189	-25157.723
38100	6	111011010	0.000779	0.000680	0.000584	0.000607	0.000241	0.000562	-25161.265
38200	6	110011110	0.000859	0.000795	0.000415	0.000367	0.000172	0.000184	-25161.040
38300	7	111011101	0.000878	0.000866	0.000066	0.000775	0.000559	0.000151	0.000062	-25163.578
38400	8	111111011	0.000954	0.000642	0.000360	0.000235	0.000601	0.000117	0.000518	0.000888	-25163.796
38500	7	111011110	0.000958	0.000882	0.000038	0.000784	0.000546	0.000325	0.000221	-25162.563
38600	9	111111111	0.001049	0.001027	0.000724	0.000627	0.000681	0.000643	0.000467	0.000465	0.000155	-25163.006
38700	7	111110011	0.000841	0.000794	0.000674	0.000281	0.000637	0.000044	0.000283	-25166.014
38800	5	110011001	0.000803	0.000645	0.000623	0.000383	0.000388	-25159.577
38900	6	111010011	0.000820	0.000722	0.000115	0.000656	0.000121	0.000364	-25160.836
39000	7	110011111	0.000871	0.000832	0.000658	0.000447	0.000115	0.000265	0.000683	-25162.943
39100	9	111111111	0.000962	0.000757	0.000388	0.000052	0.000277	0.000201	0.000131	0.000270	0.000139	-25161.628
39200	4	111010000	0.001001	0.000828	0.000642	0.000480	-25156.996
39300	6	111110010	0.001034	0.000850	0.000818	0.000223	0.000821	0.000537	-25158.176
39400	8	111111110	0.000936	0.000891	0.000127	0.000053	0.000824	0.000579	0.000383	0.000072	-25159.033
39500	5	111010001	0.000906	0.000730	0.000498	0.000481	0.000307	-25161.314
39600	7	111110011	0.000926	0.000812	0.000751	0.000594	0.000743	0.000606	0.000561	-25160.948
39700	6	111011100	0.000836	0.000463	0.000202	0.000452	0.000347	0.000028	-25160.883
39800	6	111110001	0.000774	0.000756	0.000723	0.000661	0.000627	0.000483	-25160.675
39900	9	111111111	0.000861	0.000776	0.000502	0.000034	0.000749	0.000261	0.000165	0.000165	0.000171	-25163.359
40000	6	110011110	0.000960	0.000944	0.000932	0.000910	0.000175	0.000076	-25161.508
40100	7	111111001	0.000875	0.000838	0.000766	0.000678	0.000726	0.000110	0.000257	-25168.501
40200	0	000000000	-25158.331
40300	0	000000000	-25160.491
40400	0	000000000	-25162.202
40500	0	000000000	-25160.124
40600	0	000000000	-25159.649
40700	0	000000000	-25157.727
40800	8	111111110	0.001434	0.001279	0.001020	0.000021	0.001114	0.001032	0.000324	0.000941	-25158.851
40900	7	111011101	0.001384	0.001343	0.001281	0.000884	0.000407	0.000150	0.001019	-25159.013
41000	4	111010000	0.001282	0.001091	0.000755	0.000518	-25162.321
41100	8	111011111	0.001236	0.000876	0.000358	0.000701	0.000473	0.000423	0.000483	0.000343	-25159.063
41200	6	111110010	0.001260	0.001081	0.000528	0.000426	0.000861	0.000452	-25163.688
41300	8	111011111	0.001301	0.001083	0.000982	0.001023	0.000883	0.000254	0.000195	0.001156	-25160.209
41400	6	111111000	0.001400	0.001365	0.001195	0.000134	0.000665	0.000403	-25161.269
41500	8	111111011	0.001251	0.001149	0.000923	0.000889	0.001045	0.000850	0.000713	0.000140	-25157.690
41600	7	111011011	0.001385	0.001374	0.000787	0.001193	0.000448	0.001082	0.001270	-25161.884
41700	7	111110011	0.001399	0.001338	0.001325	0.000664	0.001300	0.001155	0.000520	-25158.987
41800	8	111111011	0.001319	0.001193	0.001105	0.000486	0.000966	0.000690	0.000816	0.000355	-25159.465
41900	4	110011000	0.001246	0.001067	0.000986	0.000984	-25160.627
42000	9	111111111	0.001247	0.001245	0.001036	0.000543	0.001138	0.000381	0.000278	0.001076	0.000335	-25162.193
42100	0	000000000	-25161.201
42200	0	000000000	-25161.636
42300	1	100000000	0.001251	-25161.213
42400	0	000000000	-25161.092
42500	0	000000000	-25160.681
42600	0	000000000	-25162.096
42700	0	000000000	-25159.245
42800	0	000000000	-25161.801
42900	0	000000000	-25161.926
43000	0	000000000	-25157.573
43100	0	000000000	-25158.911
43200	0	000000000	-25165.545
43300	0	000000000	-25158.661
43400	0	000000000	-25159.627
43500	0	000000000	-25166.838
43600	0	000000000	-25156.025
43700	0	000000000	-25158.635
43800	0	000000000	-25160.600
43900	0	000000000	-25160.057
44000	0	000000000	-25164.763
44100	0	000000000	-25160.981
44200	0	000000000	-25161.887
44300	6	111110010	0.001037	0.000908	0.000566	0.000094	0.000582	0.000427	-25160.082
44400	4	110011000	0.000997	0.000851	0.000630	0.000373	-25162.520
44500	5	110011010	0.000896	0.000822	0.000666	0.000080	0.000329	-25161.450
44600	6	111110001	0.000832	0.000792	0.000497	0.000291	0.000718	0.000713	-25158.111
44700	5	111100001	0.000938	0.000683	0.000676	0.000506	0.000420	-25159.794
44800	6	111011100	0.001017	0.000969	0.000618	0.000948	0.000936	0.000384	-25164.049
44900	4	111100000	0.001273	0.001196	0.001058	0.000922	-25158.997
45000	7	111011011	0.001076	0.000888	0.000399	0.000839	0.000712	0.000631	0.000966	-25162.949
45100	8	111111101	0.001152	0.001093	0.000722	0.000531	0.000952	0.000174	0.000157	0.000392	-25156.216
45200	7	111011101	0.001181	0.000726	0.000305	0.000549	0.000318	0.000106	0.000853	-25158.091
45300	8	111111011	0.001190	0.001188	0.000687	0.000027	0.000723	0.000538	0.000597	0.000982	-25160.646
45400	7	111011110	0.001118	0.001032	0.001010	0.001009	0.000838	0.000558	0.000412	-25158.612
45500	9	111111111	0.001109	0.001080	0.000683	0.000418	0.000790	0.000264	0.000261	0.000180	0.001082	-25159.063
45600	5	110011010	0.001096	0.000720	0.000586	0.000035	0.000209	-25161.540
45700	6	111110001	0.001111	0.000707	0.000298	0.000201	0.000427	0.000083	-25159.395
45800	0	000000000	-25161.084
45900	0	000000000	-25162.872
46000	0	000000000	-25159.188
46100	0	000000000	-25160.732
46200	0	000000000	-25161.414
46300	0	000000000	-25163.309
46400	0	000000000	-25161.421
46500	0	000000000	-25162.125
46600	0	000000000	-25164.721
46700	0	000000000	-25160.807
46800	0	000000000	-25163.304
46900	0	000000000	-25166.266
47000	0	000000000	-25164.937
47100	0	000000000	-25158.600
47200	0	000000000	-25161.642
47300	0	000000000	-25159.897
47400	0	000000000	-25159.974
47500	0	000000000	-25157.141
47600	0	000000000	-25159.653
47700	0	000000000	-25159.664
47800	0	000000000	-25160.331
47900	0	000000000	-25167.486
48000	0	000000000	-25156.527
48100	0	000000000	-25163.077
48200	0	000000000	-25161.574
48300	0	000000000	-25161.680
48400	0	000000000	-25161.363
48500	0	000000000	-25163.370
48600	0	000000000	-25162.418
48700	0	000000000	-25161.171
48800	0	000000000	-25157.471
48900	4	111100000	0.000607	0.000602	0.000289	0.000268	-25159.624
49000	5	110010011	0.000567	0.000524	0.000523	0.000238	0.000220	-25157.509
49100	6	110011011	0.000560	0.000382	0.000329	0.000180	0.000326	0.000223	-25162.597
49200	8	111011111	0.000545	0.000534	0.000144	0.000512	0.000222	0.000169	0.000383	0.000485	-25166.719
49300	6	111011100	0.000550	0.000473	0.000055	0.000415	0.000231	0.000083	-25162.008
49400	3	110000001	0.000887	0.000870	0.000625	-25159.111
49500	5	110011001	0.001069	0.000902	0.000867	0.000258	0.000121	-25160.632
49600	7	111011101	0.000882	0.000860	0.000008	0.000817	0.000621	0.000481	0.000156	-25159.490
49700	5	111010010	0.000932	0.000867	0.000640	0.000652	0.000425	-25157.337
49800	9	111111111	0.001042	0.001033	0.000932	0.000296	0.000985	0.000604	0.000184	0.000766	0.000025	-25158.910
49900	7	111111100	0.001069	0.001003	0.000288	0.000062	0.000839	0.000431	0.000238	-25164.144
50000	7	111011101	0.001089	0.001087	0.000349	0.000906	0.000398	0.000031	0.000082	-25162.335
50100	6	111011010	0.001101	0.001030	0.000907	0.000905	0.000774	0.000850	-25164.137
50200	5	111011000	0.001164	0.001053	0.000447	0.000991	0.000258	-25162.846
50300	4	110010001	0.001136	0.000255	0.000067	0.000950	-25161.623
50400	5	111011000	0.001142	0.000974	0.000137	0.000733	0.000513	-25160.909
50500	4	110011000	0.001281	0.001233	0.000310	0.000186	-25158.077
50600	7	111011101	0.001249	0.000738	0.000211	0.000669	0.000244	0.000073	0.000743	-25164.167
50700	5	110011010	0.001146	0.001137	0.001102	0.000891	0.000855	-25164.588
50800	5	110011010	0.001221	0.001026	0.000887	0.000595	0.000733	-25160.257
50900	5	111011000	0.001267	0.001188	0.001099	0.000306	0.000048	-25160.721
51000	6	111011010	0.001363	0.001296	0.000415	0.001162	0.000133	0.000728	-25157.970
51100	8	111111011	0.001394	0.001381	0.001370	0.000910	0.001376	0.000519	0.001066	0.000513	-25157.387
51200	7	111011101	0.001457	0.001335	0.000862	0.001143	0.001110	0.000322	0.000471	-25160.690
51300	4	110011000	0.001462	0.001209	0.001158	0.000489	-25159.787
51400	5	110011001	0.001401	0.001009	0.000853	0.000768	0.000821	-25157.522
51500	7	111011110	0.001136	0.000816	0.000355	0.000687	0.000318	0.000230	0.000151	-25159.135
51600	5	111100001	0.001168	0.001084	0.000384	0.000180	0.001062	-25159.894
51700	6	110011110	0.001239	0.001145	0.001137	0.000878	0.000015	0.000954	-25159.404
51800	7	111011011	0.001157	0.000811	0.000086	0.000807	0.000128	0.000416	0.000999	-25162.452
51900	4	111100000	0.001151	0.000985	0.000411	0.000242	-25160.501
52000	8	111111101	0.001121	0.001092	0.000611	0.000457	0.000979	0.000639	0.000490	0.000023	-25161.695
52100	3	110010000	0.001189	0.001053	0.000697	-25162.554
52200	3	110000001	0.001088	0.000407	0.000990	-25161.115
52300	6	111010011	0.001042	0.000547	0.000375	0.000511	0.000500	0.001020	-25162.945
52400	6	110011110	0.001083	0.001007	0.000898	0.000742	0.000116	0.000250	-25159.848
52500	5	111011000	0.000719	0.000623	0.000187	0.000534	0.000203	-25164.737
52600	8	111111101	0.000728	0.000717	0.000554	0.000082	0.000553	0.000397	0.000359	0.000446	-25161.056
52700	4	111010000	0.000674	0.000634	0.000252	0.000625	-25159.089
52800	8	111111011	0.000706	0.000672	0.000464	0.000297	0.000256	0.000255	0.000037	0.000439	-25166.735
52900	7	111111001	0.000644	0.000573	0.000518	0.000226	0.000463	0.000331	0.000599	-25161.806
53000	4	110010001	0.000574	0.000532	0.000081	0.000574	-25162.082
53100	4	111100000	0.000632	0.000626	0.000462	0.000459	-25163.968
53200	3	111000000	0.000592	0.000350	0.000068	-25158.297
53300	7	111011101	0.000605	0.000601	0.000043	0.000288	0.000169	0.000148	0.000061	-25159.325
53400	7	111011101	0.000633	0.000606	0.000235	0.000585	0.000386	0.000093	0.000140	-25167.761
53500	8	111111011	0.000526	0.000526	0.000523	0.000517	0.000464	0.000449	0.000405	0.000029	-25163.115
53600	1	100000000	0.000528	-25162.837
53700	0	000000000	-25159.151
53800	0	000000000	-25160.406
53900	0	000000000	-25167.529
54000	0	000000000	-25158.274
54100	0	000000000	-25168.908
54200	0	000000000	-25161.598
54300	0	000000000	-25166.091
54400	5	111011000	0.000511	0.000504	0.000274	0.000141	0.000105	-25161.794
54500	7	111111001	0.000581	0.000579	0.000417	0.000220	0.000341	0.000108	0.000464	-25159.063
54600	0	000000000	-25163.304
54700	0	000000000	-25161.193
54800	0	000000000	-25159.490
54900	8	111111110	0.001456	0.001384	0.001005	0.000940	0.001310	0.001129	0.000666	0.000437	-25157.374
55000	8	111111110	0.001457	0.001377	0.001024	0.000732	0.001187	0.001033	0.000050	0.000487	-25160.040
55100	6	110011011	0.001387	0.001007	0.001003	0.000836	0.000981	0.000921	-25163.527
55200	4	110010010	0.001420	0.001139	0.000470	0.000260	-25158.365
55300	6	111011001	0.001384	0.001379	0.000109	0.000979	0.000902	0.000703	-25159.118
55400	6	111011001	0.001486	0.001302	0.000115	0.000885	0.000289	0.000477	-25162.404
55500	4	110010010	0.001801	0.001790	0.001418	0.000906	-25160.916
55600	7	111011011	0.001861	0.001848	0.000998	0.001631	0.000872	0.000990	0.000373	-25162.122
55700	6	110011101	0.001776	0.001442	0.000622	0.000575	0.000131	0.001773	-25162.497
55800	7	111011110	0.001869	0.001813	0.001184	0.001805	0.000409	0.000186	0.000928	-25165.104
55900	7	111111100	0.001567	0.001516	0.000120	0.000047	0.000614	0.000415	0.000136	-25168.093
56000	4	111010000	0.001382	0.001187	0.001072	0.000582	-25166.408
56100	7	111011101	0.001473	0.001319	0.000253	0.001264	0.000527	0.000173	0.000043	-25159.922
56200	6	111011100	0.001446	0.001425	0.000855	0.001109	0.000096	0.000004	-25157.191
56300	6	111011100	0.001440	0.000974	0.000824	0.000941	0.000938	0.000373	-25159.444
56400	6	111111000	0.001530	0.001394	0.001098	0.000915	0.001260	0.000141	-25160.495
56500	5	110011010	0.001371	0.001337	0.000966	0.000611	0.000917	-25165.457
56600	7	111011011	0.001250	0.001234	0.000496	0.001174	0.000584	0.000129	0.001034	-25157.639
56700	5	111010010	0.001098	0.000628	0.000224	0.000586	0.000400	-25159.889
56800	5	111010001	0.001087	0.000881	0.000830	0.000195	0.000907	-25161.942
56900	7	111111010	0.000948	0.000929	0.000643	0.000176	0.000867	0.000549	0.000853	-25159.226
57000	4	111000001	0.000859	0.000422	0.000263	0.000403	-25162.108
57100	8	111011111	0.000862	0.000831	0.000178	0.000629	0.000384	0.000169	0.000072	0.000854	-25167.604
57200	6	111011001	0.000880	0.000559	0.000148	0.000297	0.000075	0.000452	-25159.994
57300	6	111011010	0.000738	0.000727	0.000160	0.000683	0.000591	0.000176	-25159.174
57400	3	110010000	0.000813	0.000581	0.000439	-25160.689
57500	7	111011101	0.000848	0.000838	0.000582	0.000746	0.000320	0.000168	0.000533	-25163.059
57600	7	111111010	0.000824	0.000712	0.000635	0.000578	0.000474	0.000038	0.000018	-25162.033
57700	6	111011001	0.000987	0.000883	0.000012	0.000591	0.000339	0.000324	-25160.615
57800	7	111111100	0.001042	0.001005	0.000268	0.000046	0.000916	0.000401	0.000264	-25163.380
57900	4	111010000	0.001036	0.000912	0.000162	0.000900	-25161.564
58000	0	000000000	-25160.491
58100	0	000000000	-25159.614
58200	0	000000000	-25159.449
58300	3	110000001	0.001244	0.000862	0.001140	-25161.391
58400	0	000000000	-25159.860
58500	0	000000000	-25160.513
58600	0	000000000	-25156.620
58700	0	000000000	-25162.560
58800	0	000000000	-25162.117
58900	0	000000000	-25167.980
59000	0	000000000	-25166.010
59100	5	110011001	0.000980	0.000968	0.000539	0.000489	0.000171	-25162.409
59200	2	110000000	0.001000	0.000618	-25160.985
59300	0	000000000	-25162.027
59400	0	000000000	-25159.383
59500	0	000000000	-25161.788
59600	0	000000000	-25162.524
59700	0	000000000	-25160.561
59800	0	000000000	-25154.523
59900	0	000000000	-25166.170
60000	0	000000000	-25157.510
60100	0	000000000	-25163.856
60200	0	000000000	-25155.904
60300	0	000000000	-25162.251
60400	0	000000000	-25164.984
60500	0	000000000	-25163.860
60600	0	000000000	-25160.361
60700	0	000000000	-25159.354
60800	0	000000000	-25159.636
60900	0	000000000	-25162.018
61000	0	000000000	-25158.220
61100	0	000000000	-25158.350
61200	0	000000000	-25162.046
61300	0	000000000	-25160.980
61400	0	000000000	-25160.377
61500	0	000000000	-25163.081
61600	0	000000000	-25161.415
61700	0	000000000	-25161.137
61800	0	000000000	-25157.782
61900	0	000000000	-25153.318
62000	0	000000000	-25169.027
62100	0	000000000	-25160.904
62200	0	000000000	-25158.280
62300	0	000000000	-25161.269
62400	0	000000000	-25161.690
62500	0	000000000	-25157.419
62600	0	000000000	-25157.803
62700	0	000000000	-25162.489
62800	0	000000000	-25169.216
62900	0	000000000	-25159.475
63000	0	000000000	-25161.376
63100	0	000000000	-25157.030
63200	0	000000000	-25162.716
63300	0	000000000	-25159.362
63400	0	000000000	-25159.205
63500	0	000000000	-25159.516
63600	0	000000000	-25154.882
63700	0	000000000	-25160.342
63800	0	000000000	-25161.493
63900	0	000000000	-25158.505
64000	0	000000000	-25163.523
64100	0	000000000	-25161.347
64200	0	000000000	-25162.417
64300	0	000000000	-25159.789
64400	0	000000000	-25162.258
64500	0	000000000	-25162.569
64600	0	000000000	-25160.176
64700	0	000000000	-25158.574
64800	0	000000000	-25161.027
64900	0	000000000	-25160.660
65000	0	000000000	-25163.461
65100	0	000000000	-25169.207
65200	0	000000000	-25160.325
65300	0	000000000	-25157.421
65400	0	000000000	-25159.790
65500	0	000000000	-25161.424
65600	0	000000000	-25160.361
65700	0	000000000	-25162.029
65800	0	000000000	-25163.081
65900	0	000000000	-25163.285
66000	0	000000000	-25161.426
66100	0	000000000	-25160.218
66200	0	000000000	-25160.297
66300	0	000000000	-25159.287
66400	0	000000000	-25161.032
66500	0	000000000	-25159.019
66600	0	000000000	-25161.266
66700	0	000000000	-25164.477
66800	0	000000000	-25155.368
66900	0	000000000	-25159.534
67000	0	000000000	-25160.561
67100	0	000000000	-25162.292
67200	0	000000000	-25159.017
67300	0	000000000	-25159.975
67400	3	111000000	0.000694	0.000571	0.000348	-25157.307
67500	5	111010010	0.000743	0.000632	0.000307	0.000420	0.000240	-25160.008
67600	0	000000000	-25159.962
67700	0	000000000	-25164.399
67800	0	000000000	-25160.315
67900	0	000000000	-25162.196
68000	2	110000000	0.000648	0.000605	-25158.742
68100	6	110011101	0.000663	0.000655	0.000429	0.000234	0.000080	0.000598	-25160.415
68200	5	111110000	0.000729	0.000718	0.000580	0.000060	0.000368	-25162.429
68300	6	111011100	0.000802	0.000622	0.000122	0.000534	0.000392	0.000154	-25157.909
68400	7	111011011	0.000866	0.000715	0.000362	0.000712	0.000316	0.000399	0.000720	-25158.997
68500	7	111110011	0.000863	0.000769	0.000523	0.000191	0.000484	0.000105	0.000334	-25160.228
68600	6	111110001	0.000781	0.000677	0.000369	0.000137	0.000007	0.000622	-25157.721
68700	7	111111001	0.000805	0.000804	0.000583	0.000413	0.000323	0.000192	0.000587	-25168.058
68800	6	110011110	0.000781	0.000694	0.000633	0.000400	0.000375	0.000527	-25158.516
68900	6	110011011	0.000777	0.000758	0.000534	0.000021	0.000269	0.000675	-25166.181
69000	3	110000001	0.000781	0.000535	0.000673	-25167.911
69100	7	111011011	0.000827	0.000745	0.000463	0.000549	0.000504	0.000499	0.000480	-25165.616
69200	7	111011110	0.000680	0.000513	0.000318	0.000466	0.000205	0.000064	0.000395	-25158.874
69300	6	110011011	0.000701	0.000637	0.000479	0.000139	0.000175	0.000300	-25159.162
69400	7	111111010	0.000715	0.000704	0.000492	0.000168	0.000686	0.000432	0.000176	-25162.832
69500	6	111011100	0.000632	0.000630	0.000155	0.000412	0.000292	0.000206	-25160.715
69600	7	111011101	0.000602	0.000426	0.000340	0.000199	0.000090	0.000076	0.000428	-25159.648
69700	9	111111111	0.000613	0.000474	0.000361	0.000159	0.000431	0.000085	0.000005	0.000419	0.000459	-25160.004
69800	7	111111100	0.000683	0.000651	0.000059	0.000034	0.000650	0.000339	0.000308	-25162.265
69900	5	110011100	0.000615	0.000596	0.000536	0.000490	0.000199	-25157.292
70000	6	111111000	0.000617	0.000561	0.000444	0.000423	0.000323	0.000214	-25155.299
70100	5	111100001	0.000622	0.000263	0.000047	0.000019	0.000519	-25161.361
70200	3	110000001	0.000593	0.000266	0.000330	-25158.615
70300	8	111111101	0.000681	0.000515	0.000156	0.000119	0.000485	0.000041	0.000026	0.000494	-25155.527
70400	5	110011010	0.000640	0.000634	0.000525	0.000359	0.000048	-25161.399
70500	7	111011110	0.000684	0.000622	0.000024	0.000351	0.000017	0.000002	0.000004	-25158.258
70600	3	110010000	0.000772	0.000538	0.000318	-25157.465
70700	8	111111101	0.000842	0.000766	0.000558	0.000068	0.000643	0.000551	0.000183	0.000262	-25159.544
70800	6	110011011	0.000769	0.000253	0.000162	0.000105	0.000141	0.000284	-25160.074
70900	4	110011000	0.000931	0.000582	0.000452	0.000033	-25159.899
71000	7	111011011	0.000975	0.000931	0.000765	0.000865	0.000082	0.000653	0.000227	-25163.309
71100	4	110011000	0.000930	0.000790	0.000666	0.000361	-25158.960
71200	7	111111010	0.001012	0.000841	0.000809	0.000259	0.000666	0.000385	0.000507	-25167.817
71300	6	111011100	0.001031	0.000834	0.000293	0.000718	0.000513	0.000049	-25160.854
71400	6	111011100	0.001062	0.000904	0.000351	0.000717	0.000452	0.000133	-25161.975
71500	3	111000000	0.000906	0.000771	0.000591	-25162.356
71600	9	111111111	0.000718	0.000634	0.000579	0.000371	0.000630	0.000360	0.000343	0.000209	0.000015	-25164.135
71700	5	111010010	0.000715	0.000435	0.000384	0.000330	0.000229	-25161.118
71800	7	111111100	0.000611	0.000566	0.000551	0.000524	0.000522	0.000438	0.000431	-25157.086
71900	8	111011111	0.000551	0.000505	0.000104	0.000424	0.000315	0.000221	0.000061	0.000174	-25159.999
72000	7	111111001	0.000563	0.000374	0.000369	0.000234	0.000043	0.000020	0.000496	-25158.478
72100	7	111011110	0.000540	0.000479	0.000215	0.000376	0.000238	0.000135	0.000153	-25159.482
72200	5	111010010	0.000604	0.000544	0.000368	0.000441	0.000198	-25166.727
72300	6	111011100	0.000579	0.000502	0.000381	0.000351	0.000200	0.000095	-25162.403
72400	5	111110000	0.000618	0.000487	0.000321	0.000224	0.000232	-25163.645
72500	5	111110000	0.000615	0.000510	0.000489	0.000169	0.000117	-25162.628
72600	1	100000000	0.000689	-25164.319
72700	8	111111101	0.000696	0.000681	0.000680	0.000201	0.000375	0.000261	0.000239	0.000558	-25161.585
72800	4	111010000	0.000718	0.000574	0.000261	0.000530	-25163.544
72900	6	110011110	0.000749	0.000646	0.000397	0.000397	0.000131	0.000327	-25157.023
73000	7	111011110	0.000780	0.000779	0.000293	0.000662	0.000552	0.000448	0.000180	-25162.783
73100	2	100000001	0.000759	0.000677	-25161.228
73200	0	000000000	-25165.456
73300	7	111111010	0.001277	0.001063	0.000891	0.000199	0.000969	0.000844	0.000316	-25162.160
73400	7	110011111	0.001212	0.001160	0.001127	0.001003	0.000052	0.000487	0.000966	-25161.151
73500	5	111010001	0.001202	0.001153	0.000373	0.000177	0.000016	-25162.804
73600	7	111111010	0.001172	0.001014	0.000972	0.000833	0.000327	0.000090	0.000309	-25162.390
73700	5	110011010	0.001225	0.001047	0.000552	0.000025	0.000101	-25157.521
73800	7	111011110	0.001293	0.001170	0.000237	0.000840	0.000446	0.000226	0.000419	-25160.552
73900	7	111011101	0.001142	0.000973	0.000654	0.000929	0.000918	0.000385	0.001028	-25155.555
74000	6	111111000	0.001160	0.001015	0.000967	0.000156	0.000676	0.000337	-25157.460
74100	8	111111011	0.001199	0.001192	0.000737	0.000624	0.001106	0.000074	0.000909	0.000076	-25159.471
74200	9	111111111	0.001330	0.001266	0.001148	0.000965	0.001074	0.000755	0.000076	0.000273	0.000296	-25158.649
74300	7	111011101	0.001265	0.001200	0.000059	0.001194	0.000768	0.000472	0.000864	-25164.650
74400	6	111110001	0.001209	0.000729	0.000198	0.000166	0.000619	0.000078	-25159.399
74500	5	111010010	0.001261	0.001159	0.000286	0.000830	0.000484	-25160.015
74600	7	111110011	0.001156	0.001139	0.001043	0.000120	0.000362	0.000283	0.000633	-25159.895
74700	7	111011110	0.001261	0.001163	0.000824	0.000718	0.000443	0.000283	0.000045	-25162.680
74800	4	110010001	0.001181	0.000777	0.000601	0.000547	-25161.109
74900	5	110011010	0.001194	0.001134	0.000962	0.000500	0.000585	-25158.242
75000	5	111010001	0.001210	0.001041	0.000746	0.000301	0.000011	-25161.519
75100	3	110000001	0.001102	0.000029	0.000706	-25161.692
75200	8	111111110	0.001078	0.000965	0.000581	0.000009	0.000763	0.000627	0.000581	0.000276	-25164.678
75300	5	111010010	0.000801	0.000782	0.000110	0.000769	0.000699	-25156.433
75400	6	110011011	0.000746	0.000742	0.000653	0.000048	0.000248	0.000302	-25160.884
75500	0	000000000	-25161.375
75600	0	000000000	-25158.889
75700	0	000000000	-25166.153
75800	0	000000000	-25162.819
75900	0	000000000	-25156.831
76000	0	000000000	-25159.427
76100	0	000000000	-25158.326
76200	0	000000000	-25160.024
76300	0	000000000	-25162.635
76400	0	000000000	-25163.712
76500	0	000000000	-25162.491
76600	0	000000000	-25162.155
76700	0	000000000	-25161.770
76800	0	000000000	-25157.540
76900	0	000000000	-25157.593
77000	0	000000000	-25160.439
77100	0	000000000	-25160.415
77200	0	000000000	-25163.215
77300	0	000000000	-25159.376
77400	0	000000000	-25158.791
77500	0	000000000	-25160.648
77600	0	000000000	-25158.067
77700	0	000000000	-25157.974
77800	0	000000000	-25161.687
77900	0	000000000	-25158.700
78000	0	000000000	-25159.389
78100	0	000000000	-25159.607
78200	6	111110001	0.000580	0.000468	0.000254	0.000035	0.000427	0.000530	-25165.971
78300	6	111110010	0.000515	0.000490	0.000324	0.000105	0.000482	0.000418	-25157.907
78400	7	111011101	0.000530	0.000496	0.000041	0.000466	0.000296	0.000239	0.000359	-25161.379
78500	6	111110001	0.000543	0.000506	0.000411	0.000138	0.000400	0.000223	-25156.134
78600	6	111110010	0.000471	0.000417	0.000299	0.000168	0.000204	0.000016	-25162.282
78700	9	111111111	0.000427	0.000425	0.000128	0.000075	0.000406	0.000186	0.000020	0.000244	0.000011	-25159.252
78800	7	111111100	0.000438	0.000407	0.000281	0.000029	0.000354	0.000136	0.000014	-25159.651
78900	9	111111111	0.000414	0.000356	0.000270	0.000134	0.000309	0.000192	0.000173	0.000023	0.000288	-25159.243
79000	8	111011111	0.000456	0.000439	0.000241	0.000302	0.000269	0.000000	0.000218	0.000091	-25160.022
79100	3	111000000	0.000466	0.000122	0.000024	-25159.783
79200	6	110011110	0.000491	0.000481	0.000449	0.000395	0.000045	0.000425	-25164.499
79300	5	111110000	0.000415	0.000376	0.000365	0.000351	0.000096	-25165.145
79400	8	111111011	0.000408	0.000384	0.000298	0.000198	0.000269	0.000207	0.000025	0.000310	-25169.831
79500	7	111011110	0.000456	0.000433	0.000288	0.000384	0.000346	0.000162	0.000336	-25161.975
79600	5	110011001	0.000495	0.000460	0.000372	0.000280	0.000210	-25161.837
79700	2	110000000	0.000543	0.000025	-25161.582
79800	6	111011001	0.000566	0.000400	0.000012	0.000371	0.000237	0.000322	-25157.992
79900	6	111011100	0.000593	0.000437	0.000103	0.000417	0.000279	0.000079	-25161.612
80000	6	111011010	0.000625	0.000503	0.000411	0.000492	0.000309	0.000176	-25166.097
80100	7	110011111	0.000549	0.000499	0.000414	0.000317	0.000035	0.000242	0.000482	-25160.699
80200	7	111011110	0.000575	0.000450	0.000096	0.000412	0.000237	0.000163	0.000137	-25159.521
80300	4	110010001	0.000598	0.000509	0.000365	0.000521	-25154.399
80400	6	110011101	0.000623	0.000610	0.000251	0.000170	0.000057	0.000298	-25165.181
80500	8	111011111	0.000666	0.000657	0.000518	0.000607	0.000444	0.000062	0.000104	0.000027	-25164.789
80600	9	111111111	0.000614	0.000466	0.000455	0.000382	0.000458	0.000378	0.000338	0.000338	0.000079	-25159.074
80700	7	111111010	0.000725	0.000615	0.000453	0.000307	0.000614	0.000013	0.000089	-25157.332
80800	6	111011001	0.000700	0.000656	0.000431	0.000532	0.000109	0.000541	-25163.429
80900	6	110011101	0.000715	0.000691	0.000290	0.000188	0.000015	0.000210	-25167.090
81000	8	111011111	0.000696	0.000694	0.000016	0.000658	0.000531	0.000480	0.000204	0.000055	-25163.325
81100	7	111111100	0.000719	0.000616	0.000458	0.000290	0.000610	0.000553	0.000200	-25160.562
81200	8	111011111	0.000582	0.000380	0.000210	0.000289	0.000074	0.000018	0.000024	0.000143	-25161.011
81300	6	111011100	0.000569	0.000461	0.000412	0.000353	0.000228	0.000112	-25161.847
81400	6	110011101	0.000528	0.000516	0.000370	0.000241	0.000206	0.000206	-25161.066
81500	6	111010011	0.000534	0.000207	0.000051	0.000152	0.000110	0.000062	-25160.965
81600	9	111111111	0.000569	0.000447	0.000241	0.000025	0.000273	0.000178	0.000029	0.000131	0.000287	-25162.270
81700	7	111111010	0.000553	0.000454	0.000073	0.000073	0.000254	0.000052	0.000124	-25160.912
81800	8	111111110	0.000574	0.000353	0.000324	0.000229	0.000218	0.000122	0.000043	0.000105	-25158.421
81900	7	111111001	0.000554	0.000382	0.000310	0.000298	0.000208	0.000176	0.000494	-25159.144
82000	5	111010010	0.000609	0.000566	0.000491	0.000539	0.000230	-25163.725
82100	6	111011010	0.000611	0.000557	0.000120	0.000430	0.000018	0.000044	-25162.658
82200	7	111111100	0.000615	0.000599	0.000558	0.000342	0.000536	0.000284	0.000152	-25163.160
82300	8	111111101	0.000556	0.000487	0.000397	0.000356	0.000458	0.000409	0.000400	0.000502	-25167.171
82400	7	110011111	0.000550	0.000494	0.000456	0.000251	0.000048	0.000071	0.000214	-25160.943
82500	7	111011110	0.000492	0.000418	0.000335	0.000405	0.000301	0.000034	0.000262	-25156.584
82600	6	111011100	0.000506	0.000481	0.000204	0.000279	0.000184	0.000121	-25157.364
82700	0	000000000	-25159.772
82800	0	000000000	-25165.569
82900	0	000000000	-25160.598
83000	0	000000000	-25157.606
83100	0	000000000	-25162.508
83200	0	000000000	-25158.238
83300	0	000000000	-25158.762
83400	0	000000000	-25159.869
83500	0	000000000	-25158.449
83600	0	000000000	-25169.585
83700	0	000000000	-25160.080
83800	0	000000000	-25159.154
83900	0	000000000	-25157.842
84000	0	000000000	-25154.629
84100	0	000000000	-25164.027
84200	0	000000000	-25158.456
84300	0	000000000	-25158.431
84400	0	000000000	-25159.536
84500	0	000000000	-25158.234
84600	3	111000000	0.000986	0.000962	0.000633	-25159.190
84700	8	111011111	0.001074	0.001008	0.000006	0.000904	0.000706	0.000397	0.000115	0.000999	-25162.325
84800	6	111111000	0.001013	0.000975	0.000479	0.000028	0.000889	0.000821	-25159.402
84900	9	111111111	0.001144	0.001078	0.000481	0.000299	0.000796	0.000790	0.000518	0.000692	0.000372	-25161.608
85000	7	111111010	0.001126	0.001119	0.000963	0.000296	0.000821	0.000660	0.000283	-25157.351
85100	5	110010011	0.000994	0.000768	0.000606	0.000404	0.000471	-25164.332
85200	7	111111100	0.000996	0.000872	0.000420	0.000137	0.000665	0.000509	0.000053	-25157.060
85300	4	110010010	0.000919	0.000286	0.000226	0.000011	-25160.089
85400	9	111111111	0.000913	0.000783	0.000490	0.000281	0.000628	0.000514	0.000083	0.000410	0.000723	-25162.818
85500	5	110010011	0.000920	0.000898	0.000767	0.000097	0.000197	-25163.716
85600	9	111111111	0.000858	0.000847	0.000749	0.000130	0.000826	0.000365	0.000042	0.000258	0.000473	-25161.426
85700	5	111011000	0.000805	0.000706	0.000677	0.000702	0.000590	-25161.871
85800	6	111111000	0.000811	0.000800	0.000675	0.000386	0.000599	0.000057	-25159.208
85900	5	111010001	0.000859	0.000851	0.000591	0.000223	0.000184	-25160.246
86000	5	111011000	0.000816	0.000814	0.000394	0.000800	0.000428	-25166.608
86100	7	111111010	0.000780	0.000766	0.000762	0.000758	0.000591	0.000158	0.000242	-25157.854
86200	5	110011010	0.000719	0.000606	0.000556	0.000377	0.000456	-25159.136
86300	8	111111011	0.000741	0.000638	0.000377	0.000106	0.000548	0.000516	0.000207	0.000002	-25155.433
86400	9	111111111	0.000795	0.000719	0.000213	0.000006	0.000702	0.000574	0.000157	0.000441	0.000686	-25164.505
86500	7	111011110	0.000881	0.000720	0.000180	0.000652	0.000228	0.000009	0.000334	-25164.273
86600	8	111111110	0.000927	0.000912	0.000758	0.000090	0.000733	0.000246	0.000151	0.000457	-25162.325
86700	8	111011111	0.001057	0.000879	0.000100	0.000699	0.000257	0.000071	0.000019	0.000025	-25160.301
86800	6	111110010	0.001058	0.001056	0.000935	0.000587	0.000820	0.000011	-25161.460
86900	6	111011100	0.001274	0.001194	0.000498	0.001153	0.000528	0.000303	-25163.469
87000	5	110011100	0.001181	0.000928	0.000881	0.000555	0.000526	-25158.552
87100	8	111111011	0.001238	0.001190	0.001188	0.000407	0.000911	0.000342	0.000087	0.000407	-25163.457
87200	7	111111100	0.001092	0.001086	0.000920	0.000567	0.000709	0.000245	0.000059	-25159.368
87300	6	111011010	0.000951	0.000765	0.000654	0.000744	0.000678	0.000656	-25160.660
87400	2	110000000	0.000958	0.000005	-25167.319
87500	8	111111101	0.000941	0.000716	0.000211	0.000154	0.000685	0.000340	0.000190	0.000056	-25162.666
87600	5	111010010	0.001115	0.001082	0.000777	0.000979	0.000216	-25161.653
87700	5	110011100	0.001093	0.001092	0.001008	0.000962	0.000247	-25162.412
87800	8	111111110	0.001075	0.000777	0.000568	0.000289	0.000640	0.000447	0.000126	0.000343	-25165.210
87900	7	111110011	0.001119	0.000762	0.000590	0.000315	0.000736	0.000617	0.000734	-25160.662
88000	8	111011111	0.001053	0.001042	0.000251	0.000991	0.000652	0.000022	0.000165	0.000305	-25158.501
88100	8	111111011	0.000909	0.000762	0.000617	0.000552	0.000714	0.000663	0.000233	0.000319	-25161.152
88200	8	111011111	0.001015	0.000976	0.000645	0.000762	0.000613	0.000442	0.000712	0.000579	-25158.782
88300	8	111111101	0.001123	0.001109	0.000970	0.000137	0.000955	0.000633	0.000174	0.001085	-25156.533
88400	7	111011101	0.001138	0.001127	0.000673	0.001052	0.000368	0.000083	0.000644	-25162.564
88500	5	110011010	0.001070	0.001035	0.000585	0.000043	0.000457	-25161.508
88600	6	110011101	0.001039	0.001030	0.000950	0.000415	0.000100	0.000050	-25164.916
88700	7	111011101	0.000987	0.000910	0.000462	0.000889	0.000853	0.000528	0.000451	-25159.373
88800	5	111100001	0.000985	0.000858	0.000857	0.000769	0.000846	-25158.612
88900	8	111111110	0.001006	0.000975	0.000599	0.000362	0.000499	0.000460	0.000148	0.000406	-25162.900
89000	7	111111100	0.000966	0.000942	0.000696	0.000137	0.000899	0.000898	0.000801	-25164.709
89100	7	111111001	0.000855	0.000845	0.000715	0.000014	0.000520	0.000401	0.000471	-25160.887
89200	9	111111111	0.000853	0.000783	0.000615	0.000286	0.000517	0.000145	0.000051	0.000366	0.000031	-25161.591
89300	6	110011011	0.000907	0.000823	0.000821	0.000198	0.000795	0.000145	-25161.440
89400	3	110000001	0.000854	0.000136	0.000403	-25160.274
89500	0	000000000	-25159.574
89600	0	000000000	-25162.674
89700	0	000000000	-25162.357
89800	0	000000000	-25159.443
89900	0	000000000	-25158.803
90000	0	000000000	-25158.518
90100	0	000000000	-25160.292
90200	0	000000000	-25161.072
90300	0	000000000	-25161.473
90400	0	000000000	-25164.281
90500	0	000000000	-25159.878
90600	0	000000000	-25159.878
90700	0	000000000	-25159.347
90800	0	000000000	-25156.317
90900	0	000000000	-25161.401
91000	0	000000000	-25164.945
91100	0	000000000	-25161.721
91200	0	000000000	-25163.253
91300	0	000000000	-25157.921
91400	0	000000000	-25163.742
91500	0	000000000	-25160.838
91600	0	000000000	-25167.628
91700	0	000000000	-25162.702
91800	0	000000000	-25160.277
91900	0	000000000	-25163.318
92000	0	000000000	-25163.700
92100	0	000000000	-25162.071
92200	0	000000000	-25158.342
92300	0	000000000	-25158.561
92400	0	000000000	-25158.671
92500	0	000000000	-25160.794
92600	0	000000000	-25161.051
92700	0	000000000	-25158.739
92800	0	000000000	-25161.598
92900	0	000000000	-25161.021
93000	0	000000000	-25162.419
93100	0	000000000	-25160.989
93200	0	000000000	-25160.002
93300	0	000000000	-25159.944
93400	0	000000000	-25160.322
93500	0	000000000	-25160.096
93600	8	111111110	0.001531	0.001517	0.000931	0.000753	0.001030	0.000586	0.000092	0.000592	-25157.357
93700	7	111011011	0.001516	0.001500	0.000760	0.001150	0.000886	0.000418	0.001441	-25159.620
93800	8	111011111	0.001620	0.001587	0.000953	0.001446	0.001373	0.001038	0.001315	0.000173	-25158.101
93900	6	110011101	0.001407	0.000957	0.000816	0.000791	0.000541	0.001323	-25159.908
94000	6	111011100	0.001486	0.001470	0.000312	0.001265	0.000740	0.000176	-25158.387
94100	6	111011100	0.001404	0.001334	0.000814	0.001191	0.000795	0.000249	-25160.897
94200	9	111111111	0.001482	0.001253	0.001234	0.001060	0.000753	0.000507	0.000320	0.000265	0.000800	-25154.270
94300	9	111111111	0.001773	0.001683	0.000975	0.000401	0.000961	0.000595	0.000030	0.000106	0.001376	-25161.474
94400	7	111111100	0.001596	0.001533	0.001505	0.001152	0.001397	0.000794	0.000345	-25160.502
94500	7	110011111	0.001620	0.001479	0.001409	0.000964	0.000877	0.000435	0.000113	-25160.123
94600	6	111111000	0.001449	0.001349	0.000725	0.000142	0.001132	0.000324	-25157.606
94700	4	111000001	0.001668	0.000438	0.000028	0.001445	-25166.055
94800	0	000000000	-25162.050
94900	0	000000000	-25159.735
95000	0	000000000	-25159.487
95100	0	000000000	-25160.520
95200	0	000000000	-25158.103
95300	0	000000000	-25159.875
95400	0	000000000	-25167.531
95500	0	000000000	-25165.230
95600	0	000000000	-25165.363
95700	0	000000000	-25161.836
95800	3	111000000	0.000754	0.000677	0.000102	-25162.375
95900	5	111010001	0.000722	0.000624	0.000309	0.000374	0.000653	-25161.436
96000	6	110011011	0.000736	0.000654	0.000283	0.000047	0.000042	0.000365	-25163.744
96100	9	111111111	0.000825	0.000774	0.000697	0.000386	0.000733	0.000390	0.000255	0.000699	0.000167	-25163.248
96200	7	111011011	0.000776	0.000771	0.000109	0.000697	0.000562	0.000548	0.000335	-25158.500
96300	6	110011110	0.000850	0.000745	0.000734	0.000445	0.000067	0.000607	-25156.691
96400	6	111110001	0.000799	0.000669	0.000374	0.000018	0.000474	0.000581	-25161.555
96500	6	111010011	0.000767	0.000631	0.000024	0.000580	0.000054	0.000550	-25163.091
96600	9	111111111	0.000767	0.000759	0.000755	0.000498	0.000551	0.000292	0.000122	0.000089	0.000577	-25165.306
96700	6	111011100	0.000847	0.000771	0.000655	0.000706	0.000342	0.000237	-25160.524
96800	5	111010001	0.000893	0.000883	0.000873	0.000364	0.000479	-25159.159
96900	8	111111110	0.000847	0.000812	0.000400	0.000389	0.000695	0.000644	0.000477	0.000239	-25159.958
97000	9	111111111	0.000831	0.000831	0.000576	0.000284	0.000740	0.000372	0.000153	0.000314	0.000649	-25164.962
97100	8	111011111	0.000682	0.000664	0.000097	0.000643	0.000627	0.000297	0.000457	0.000440	-25161.236
97200	5	110011001	0.000739	0.000688	0.000261	0.000168	0.000489	-25161.021
97300	8	111111110	0.000780	0.000680	0.000553	0.000311	0.000527	0.000488	0.000221	0.000233	-25166.905
97400	5	110011100	0.000761	0.000703	0.000698	0.000556	0.000452	-25155.926
97500	7	111111010	0.001016	0.000984	0.000704	0.000305	0.000958	0.000455	0.000399	-25164.862
97600	5	110011001	0.001003	0.000819	0.000537	0.000527	0.000335	-25158.088
97700	5	111010010	0.001234	0.001202	0.001153	0.000988	0.000053	-25161.287
97800	7	111111001	0.001234	0.000955	0.000829	0.000198	0.000920	0.000154	0.000570	-25159.037
97900	5	110011010	0.001208	0.001204	0.001073	0.000325	0.000293	-25161.594
98000	5	110010011	0.001196	0.001043	0.000712	0.000227	0.000320	-25158.574
98100	6	110011011	0.001118	0.000997	0.000932	0.000117	0.000515	0.001059	-25160.385
98200	5	111010010	0.001174	0.001132	0.000044	0.000986	0.000710	-25157.578
98300	9	111111111	0.000915	0.000647	0.000409	0.000053	0.000439	0.000233	0.000067	0.000267	0.000432	-25162.193
98400	7	111011110	0.001018	0.000884	0.000476	0.000797	0.000512	0.000278	0.000320	-25158.072
98500	8	111111101	0.001042	0.000998	0.000450	0.000362	0.000958	0.000600	0.000313	0.000620	-25159.696
98600	5	110010011	0.001030	0.000784	0.000613	0.000149	0.000242	-25157.418
98700	4	110010010	0.001064	0.001050	0.000934	0.000400	-25159.512
98800	5	110011100	0.001259	0.001204	0.000886	0.000350	0.000104	-25165.042
98900	5	110011010	0.001418	0.001376	0.001331	0.000287	0.001231	-25161.044
99000	7	111111010	0.001294	0.001192	0.000840	0.000349	0.000366	0.000108	0.000098	-25158.862
99100	8	111111101	0.001286	0.001221	0.000377	0.000227	0.000292	0.000231	0.000143	0.000960	-25158.998
99200	5	110011100	0.001404	0.001394	0.000648	0.000425	0.000406	-25168.478
99300	5	111010010	0.001352	0.001342	0.000843	0.000977	0.000297	-25159.530
99400	8	111011111	0.001302	0.001212	0.001120	0.000586	0.000393	0.000258	0.000385	0.001044	-25159.836
99500	7	110011111	0.001253	0.001210	0.001101	0.000826	0.000104	0.000138	0.000274	-25158.104
99600	7	111011101	0.001067	0.000974	0.000389	0.000885	0.000549	0.000374	0.000912	-25158.191
99700	6	111110010	0.000993	0.000988	0.000987	0.000314	0.000901	0.000551	-25161.364
99800	9	111111111	0.001109	0.000871	0.000565	0.000122	0.000795	0.000678	0.000503	0.000383	0.000216	-25164.260
99900	6	111110010	0.001081	0.000995	0.000392	0.000377	0.000533	0.000061	-25157.728
100000	7	111111010	0.000965	0.000758	0.000568	0.000137	0.000483	0.000224	0.000389	-25161.478
