Gen	np	tree	tau_6T3T1T4T5T2	tau_7T3T1T4T5
100	1	1000	0.000000
200	0	0000
300	4	1111	0.000000	0.000000	0.000000	0.000000
400	0	0000
500	4	1111	0.000000	0.000000	0.000000	0.000000
600	3	1110	0.000000	0.000000	0.000000
700	3	1110	0.000000	0.000000	0.000000
800	4	1111	0.000001	0.000001	0.000001	0.000001
900	1	1000	0.000001
1000	1	1000	0.000000
1100	4	1111	0.000000	0.000000	0.000000	0.000000
1200	1	1000	0.000000
1300	3	1110	0.000000	0.000000	0.000000
1400	0	0000
1500	0	0000
1600	3	1110	0.000000	0.000000	0.000000
1700	2	1100	0.000000	0.000000
1800	2	1100	0.000000	0.000000
1900	1	1000	0.000000
2000	4	1111	0.000000	0.000000	0.000000	0.000000
2100	1	1000	0.000000
2200	3	1110	0.000000	0.000000	0.000000
2300	3	1110	0.000000	0.000000	0.000000
2400	3	1110	0.000000	0.000000	0.000000
2500	4	1111	0.000000	0.000000	0.000000	0.000000
2600	4	1111	0.000000	0.000000	0.000000	0.000000
2700	0	0000
2800	3	1110	0.000000	0.000000	0.000000
2900	3	1110	0.000000	0.000000	0.000000
3000	0	0000
3100	4	1111	0.000000	0.000000	0.000000	0.000000
3200	4	1111	0.000000	0.000000	0.000000	0.000000
3300	4	1111	0.000000	0.000000	0.000000	0.000000
3400	4	1111	0.000001	0.000000	0.000000	0.000000
3500	4	1111	0.000000	0.000000	0.000000	0.000000
3600	4	1111	0.000000	0.000000	0.000000	0.000000
3700	1	1000	0.000000
3800	1	1000	0.000000
3900	3	1110	0.000000	0.000000	0.000000
4000	1	1000	0.000000
4100	3	1110	0.000000	0.000000	0.000000
4200	3	1110	0.000000	0.000000	0.000000
4300	1	1000	0.000000
4400	1	1000	0.000000
4500	2	1100	0.000000	0.000000
4600	1	1000	0.000000
4700	0	0000
4800	2	1100	0.000000	0.000000
4900	1	1000	0.000000
5000	4	1111	0.000000	0.000000	0.000000	0.000000
5100	4	1111	0.000000	0.000000	0.000000	0.000000
5200	4	1111	0.000000	0.000000	0.000000	0.000000
5300	0	0000
5400	2	1100	0.000000	0.000000
5500	0	0000
5600	3	1110	0.000000	0.000000	0.000000
5700	1	1000	0.000000
5800	4	1111	0.000000	0.000000	0.000000	0.000000
5900	1	1000	0.000000
6000	4	1111	0.000000	0.000000	0.000000	0.000000
6100	1	1000	0.000000
6200	4	1111	0.000000	0.000000	0.000000	0.000000
6300	1	1000	0.000000
6400	4	1111	0.000000	0.000000	0.000000	0.000000
6500	0	0000
6600	2	1100	0.000000	0.000000
6700	3	1110	0.000000	0.000000	0.000000
6800	3	1110	0.000001	0.000001	0.000000
6900	2	1100	0.000000	0.000000
7000	3	1110	0.000000	0.000000	0.000000
7100	3	1110	0.000000	0.000000	0.000000
7200	2	1100	0.000000	0.000000
7300	4	1111	0.000000	0.000000	0.000000	0.000000
7400	0	0000
7500	1	1000	0.000002
7600	2	1100	0.000001	0.000000
7700	3	1110	0.000000	0.000000	0.000000
7800	0	0000
7900	0	0000
8000	0	0000
8100	4	1111	0.000000	0.000000	0.000000	0.000000
8200	1	1000	0.000000
8300	2	1100	0.000001	0.000000
8400	0	0000
8500	2	1100	0.000000	0.000000
8600	3	1110	0.000000	0.000000	0.000000
8700	1	1000	0.000000
8800	0	0000
8900	0	0000
9000	2	1100	0.000000	0.000000
9100	1	1000	0.000000
9200	1	1000	0.000000
9300	4	1111	0.000000	0.000000	0.000000	0.000000
9400	1	1000	0.000001
9500	3	1110	0.000000	0.000000	0.000000
9600	3	1110	0.000000	0.000000	0.000000
9700	4	1111	0.000000	0.000000	0.000000	0.000000
9800	3	1110	0.000000	0.000000	0.000000
9900	3	1110	0.000001	0.000001	0.000000
10000	2	1100	0.000000	0.000000
10100	2	1100	0.000000	0.000000
10200	2	1100	0.000000	0.000000
10300	4	1111	0.000000	0.000000	0.000000	0.000000
10400	0	0000
10500	3	1110	0.000000	0.000000	0.000000
10600	4	1111	0.000000	0.000000	0.000000	0.000000
10700	4	1111	0.000000	0.000000	0.000000	0.000000
10800	2	1100	0.000000	0.000000
10900	0	0000
11000	1	1000	0.000000
11100	3	1110	0.000000	0.000000	0.000000
11200	0	0000
11300	1	1000	0.000000
11400	4	1111	0.000000	0.000000	0.000000	0.000000
11500	1	1000	0.000000
11600	0	0000
11700	4	1111	0.000000	0.000000	0.000000	0.000000
11800	2	1100	0.000000	0.000000
11900	1	1000	0.000000
12000	3	1110	0.000000	0.000000	0.000000
12100	4	1111	0.000000	0.000000	0.000000	0.000000
12200	4	1111	0.000000	0.000000	0.000000	0.000000
12300	3	1110	0.000000	0.000000	0.000000
12400	0	0000
12500	0	0000
12600	0	0000
12700	2	1100	0.000000	0.000000
12800	4	1111	0.000000	0.000000	0.000000	0.000000
12900	4	1111	0.000000	0.000000	0.000000	0.000000
13000	1	1000	0.000000
13100	4	1111	0.000000	0.000000	0.000000	0.000000
13200	1	1000	0.000000
13300	2	1100	0.000000	0.000000
13400	4	1111	0.000000	0.000000	0.000000	0.000000
13500	4	1111	0.000000	0.000000	0.000000	0.000000
13600	3	1110	0.000000	0.000000	0.000000
13700	0	0000
13800	4	1111	0.000000	0.000000	0.000000	0.000000
13900	4	1111	0.000000	0.000000	0.000000	0.000000
14000	1	1000	0.000000
14100	3	1110	0.000000	0.000000	0.000000
14200	2	1100	0.000000	0.000000
14300	4	1111	0.000000	0.000000	0.000000	0.000000
14400	1	1000	0.000000
14500	1	1000	0.000000
14600	3	1110	0.000000	0.000000	0.000000
14700	4	1111	0.000000	0.000000	0.000000	0.000000
14800	3	1110	0.000000	0.000000	0.000000
14900	0	0000
15000	1	1000	0.000000
15100	1	1000	0.000000
15200	3	1110	0.000000	0.000000	0.000000
15300	0	0000
15400	2	1100	0.000000	0.000000
15500	0	0000
15600	1	1000	0.000000
15700	2	1100	0.000000	0.000000
15800	4	1111	0.000000	0.000000	0.000000	0.000000
15900	0	0000
16000	3	1110	0.000000	0.000000	0.000000
16100	2	1100	0.000000	0.000000
16200	2	1100	0.000000	0.000000
16300	3	1110	0.000000	0.000000	0.000000
16400	3	1110	0.000000	0.000000	0.000000
16500	3	1110	0.000000	0.000000	0.000000
16600	1	1000	0.000000
16700	3	1110	0.000000	0.000000	0.000000
16800	3	1110	0.000000	0.000000	0.000000
16900	2	1100	0.000000	0.000000
17000	3	1110	0.000000	0.000000	0.000000
17100	1	1000	0.000000
17200	3	1110	0.000000	0.000000	0.000000
17300	0	0000
17400	1	1000	0.000000
17500	4	1111	0.000000	0.000000	0.000000	0.000000
17600	0	0000
17700	4	1111	0.000000	0.000000	0.000000	0.000000
17800	4	1111	0.000000	0.000000	0.000000	0.000000
17900	3	1110	0.000000	0.000000	0.000000
18000	1	1000	0.000001
18100	4	1111	0.000000	0.000000	0.000000	0.000000
18200	0	0000
18300	1	1000	0.000000
18400	2	1100	0.000000	0.000000
18500	2	1100	0.000000	0.000000
18600	3	1110	0.000000	0.000000	0.000000
18700	0	0000
18800	3	1110	0.000000	0.000000	0.000000
18900	2	1100	0.000000	0.000000
19000	2	1100	0.000000	0.000000
19100	2	1100	0.000000	0.000000
19200	1	1000	0.000000
19300	3	1110	0.000000	0.000000	0.000000
19400	4	1111	0.000000	0.000000	0.000000	0.000000
19500	2	1100	0.000000	0.000000
19600	3	1110	0.000000	0.000000	0.000000
19700	1	1000	0.000000
19800	0	0000
19900	4	1111	0.000000	0.000000	0.000000	0.000000
20000	2	1100	0.000000	0.000000
20100	4	1111	0.000001	0.000001	0.000001	0.000000
20200	3	1110	0.000000	0.000000	0.000000
20300	4	1111	0.000000	0.000000	0.000000	0.000000
20400	3	1110	0.000000	0.000000	0.000000
20500	2	1100	0.000000	0.000000
20600	2	1100	0.000000	0.000000
20700	4	1111	0.000000	0.000000	0.000000	0.000000
20800	1	1000	0.000000
20900	2	1100	0.000000	0.000000
21000	3	1110	0.000000	0.000000	0.000000
21100	0	0000
21200	3	1110	0.000000	0.000000	0.000000
21300	4	1111	0.000000	0.000000	0.000000	0.000000
21400	4	1111	0.000000	0.000000	0.000000	0.000000
21500	2	1100	0.000000	0.000000
21600	1	1000	0.000000
21700	2	1100	0.000000	0.000000
21800	2	1100	0.000000	0.000000
21900	4	1111	0.000000	0.000000	0.000000	0.000000
22000	2	1100	0.000000	0.000000
22100	3	1110	0.000000	0.000000	0.000000
22200	4	1111	0.000000	0.000000	0.000000	0.000000
22300	1	1000	0.000000
22400	4	1111	0.000000	0.000000	0.000000	0.000000
22500	4	1111	0.000000	0.000000	0.000000	0.000000
22600	1	1000	0.000000
22700	1	1000	0.000000
22800	4	1111	0.000000	0.000000	0.000000	0.000000
22900	3	1110	0.000000	0.000000	0.000000
23000	0	0000
23100	2	1100	0.000001	0.000000
23200	4	1111	0.000000	0.000000	0.000000	0.000000
23300	4	1111	0.000000	0.000000	0.000000	0.000000
23400	0	0000
23500	4	1111	0.000000	0.000000	0.000000	0.000000
23600	4	1111	0.000000	0.000000	0.000000	0.000000
23700	0	0000
23800	0	0000
23900	1	1000	0.000000
24000	3	1110	0.000000	0.000000	0.000000
24100	4	1111	0.000001	0.000000	0.000000	0.000000
24200	2	1100	0.000000	0.000000
24300	2	1100	0.000000	0.000000
24400	3	1110	0.000000	0.000000	0.000000
24500	0	0000
24600	0	0000
24700	0	0000
24800	1	1000	0.000000
24900	4	1111	0.000000	0.000000	0.000000	0.000000
25000	3	1110	0.000000	0.000000	0.000000
25100	1	1000	0.000000
25200	3	1110	0.000000	0.000000	0.000000
25300	0	0000
25400	0	0000
25500	2	1100	0.000000	0.000000
25600	2	1100	0.000000	0.000000
25700	3	1110	0.000000	0.000000	0.000000
25800	4	1111	0.000000	0.000000	0.000000	0.000000
25900	1	1000	0.000000
26000	4	1111	0.000000	0.000000	0.000000	0.000000
26100	1	1000	0.000000
26200	2	1100	0.000000	0.000000
26300	3	1110	0.000000	0.000000	0.000000
26400	1	1000	0.000000
26500	1	1000	0.000000
26600	3	1110	0.000000	0.000000	0.000000
26700	4	1111	0.000000	0.000000	0.000000	0.000000
26800	1	1000	0.000000
26900	1	1000	0.000000
27000	2	1100	0.000001	0.000000
27100	1	1000	0.000000
27200	1	1000	0.000000
27300	1	1000	0.000000
27400	1	1000	0.000000
27500	3	1110	0.000000	0.000000	0.000000
27600	3	1110	0.000000	0.000000	0.000000
27700	3	1110	0.000000	0.000000	0.000000
27800	1	1000	0.000000
27900	0	0000
28000	1	1000	0.000000
28100	0	0000
28200	0	0000
28300	2	1100	0.000000	0.000000
28400	3	1110	0.000000	0.000000	0.000000
28500	3	1110	0.000000	0.000000	0.000000
28600	2	1100	0.000000	0.000000
28700	4	1111	0.000000	0.000000	0.000000	0.000000
28800	1	1000	0.000000
28900	1	1000	0.000000
29000	3	1110	0.000000	0.000000	0.000000
29100	3	1110	0.000000	0.000000	0.000000
29200	1	1000	0.000000
29300	0	0000
29400	0	0000
29500	1	1000	0.000000
29600	3	1110	0.000000	0.000000	0.000000
29700	2	1100	0.000000	0.000000
29800	1	1000	0.000000
29900	2	1100	0.000000	0.000000
30000	4	1111	0.000000	0.000000	0.000000	0.000000
30100	2	1100	0.000000	0.000000
30200	4	1111	0.000000	0.000000	0.000000	0.000000
30300	2	1100	0.000000	0.000000
30400	2	1100	0.000000	0.000000
30500	4	1111	0.000000	0.000000	0.000000	0.000000
30600	3	1110	0.000000	0.000000	0.000000
30700	4	1111	0.000000	0.000000	0.000000	0.000000
30800	3	1110	0.000000	0.000000	0.000000
30900	0	0000
31000	0	0000
31100	4	1111	0.000000	0.000000	0.000000	0.000000
31200	4	1111	0.000000	0.000000	0.000000	0.000000
31300	3	1110	0.000000	0.000000	0.000000
31400	2	1100	0.000000	0.000000
31500	3	1110	0.000000	0.000000	0.000000
31600	4	1111	0.000000	0.000000	0.000000	0.000000
31700	0	0000
31800	1	1000	0.000000
31900	0	0000
32000	1	1000	0.000000
32100	4	1111	0.000000	0.000000	0.000000	0.000000
32200	3	1110	0.000000	0.000000	0.000000
32300	3	1110	0.000000	0.000000	0.000000
32400	3	1110	0.000000	0.000000	0.000000
32500	2	1100	0.000000	0.000000
32600	3	1110	0.000000	0.000000	0.000000
32700	4	1111	0.000000	0.000000	0.000000	0.000000
32800	1	1000	0.000000
32900	3	1110	0.000000	0.000000	0.000000
33000	2	1100	0.000000	0.000000
33100	3	1110	0.000000	0.000000	0.000000
33200	0	0000
33300	2	1100	0.000000	0.000000
33400	3	1110	0.000000	0.000000	0.000000
33500	2	1100	0.000000	0.000000
33600	1	1000	0.000000
33700	1	1000	0.000000
33800	2	1100	0.000000	0.000000
33900	4	1111	0.000000	0.000000	0.000000	0.000000
34000	2	1100	0.000000	0.000000
34100	1	1000	0.000000
34200	4	1111	0.000000	0.000000	0.000000	0.000000
34300	0	0000
34400	2	1100	0.000000	0.000000
34500	2	1100	0.000000	0.000000
34600	0	0000
34700	1	1000	0.000000
34800	0	0000
34900	1	1000	0.000000
35000	1	1000	0.000001
35100	4	1111	0.000000	0.000000	0.000000	0.000000
35200	3	1110	0.000000	0.000000	0.000000
35300	2	1100	0.000000	0.000000
35400	3	1110	0.000000	0.000000	0.000000
35500	2	1100	0.000000	0.000000
35600	3	1110	0.000000	0.000000	0.000000
35700	4	1111	0.000000	0.000000	0.000000	0.000000
35800	3	1110	0.000000	0.000000	0.000000
35900	1	1000	0.000000
36000	0	0000
36100	4	1111	0.000000	0.000000	0.000000	0.000000
36200	4	1111	0.000000	0.000000	0.000000	0.000000
36300	0	0000
36400	4	1111	0.000000	0.000000	0.000000	0.000000
36500	3	1110	0.000000	0.000000	0.000000
36600	2	1100	0.000000	0.000000
36700	0	0000
36800	2	1100	0.000000	0.000000
36900	3	1110	0.000000	0.000000	0.000000
37000	3	1110	0.000000	0.000000	0.000000
37100	1	1000	0.000000
37200	1	1000	0.000000
37300	3	1110	0.000000	0.000000	0.000000
37400	2	1100	0.000000	0.000000
37500	0	0000
37600	4	1111	0.000000	0.000000	0.000000	0.000000
37700	2	1100	0.000000	0.000000
37800	0	0000
37900	3	1110	0.000000	0.000000	0.000000
38000	0	0000
38100	0	0000
38200	4	1111	0.000000	0.000000	0.000000	0.000000
38300	0	0000
38400	3	1110	0.000000	0.000000	0.000000
38500	3	1110	0.000000	0.000000	0.000000
38600	0	0000
38700	2	1100	0.000000	0.000000
38800	3	1110	0.000000	0.000000	0.000000
38900	2	1100	0.000000	0.000000
39000	3	1110	0.000000	0.000000	0.000000
39100	1	1000	0.000000
39200	1	1000	0.000000
39300	3	1110	0.000000	0.000000	0.000000
39400	2	1100	0.000000	0.000000
39500	0	0000
39600	3	1110	0.000000	0.000000	0.000000
39700	1	1000	0.000000
39800	1	1000	0.000000
39900	3	1110	0.000000	0.000000	0.000000
40000	0	0000
40100	1	1000	0.000000
40200	1	1000	0.000000
40300	0	0000
40400	3	1110	0.000000	0.000000	0.000000
40500	3	1110	0.000000	0.000000	0.000000
40600	1	1000	0.000000
40700	3	1110	0.000000	0.000000	0.000000
40800	4	1111	0.000000	0.000000	0.000000	0.000000
40900	0	0000
41000	2	1100	0.000000	0.000000
41100	4	1111	0.000000	0.000000	0.000000	0.000000
41200	3	1110	0.000000	0.000000	0.000000
41300	4	1111	0.000000	0.000000	0.000000	0.000000
41400	1	1000	0.000000
41500	4	1111	0.000000	0.000000	0.000000	0.000000
41600	0	0000
41700	0	0000
41800	0	0000
41900	1	1000	0.000000
42000	1	1000	0.000000
42100	3	1110	0.000000	0.000000	0.000000
42200	1	1000	0.000000
42300	4	1111	0.000000	0.000000	0.000000	0.000000
42400	3	1110	0.000000	0.000000	0.000000
42500	0	0000
42600	2	1100	0.000000	0.000000
42700	4	1111	0.000000	0.000000	0.000000	0.000000
42800	4	1111	0.000000	0.000000	0.000000	0.000000
42900	4	1111	0.000000	0.000000	0.000000	0.000000
43000	1	1000	0.000000
43100	3	1110	0.000000	0.000000	0.000000
43200	2	1100	0.000000	0.000000
43300	0	0000
43400	0	0000
43500	0	0000
43600	3	1110	0.000000	0.000000	0.000000
43700	4	1111	0.000000	0.000000	0.000000	0.000000
43800	2	1100	0.000000	0.000000
43900	2	1100	0.000000	0.000000
44000	0	0000
44100	3	1110	0.000000	0.000000	0.000000
44200	2	1100	0.000000	0.000000
44300	4	1111	0.000000	0.000000	0.000000	0.000000
44400	2	1100	0.000000	0.000000
44500	3	1110	0.000000	0.000000	0.000000
44600	0	0000
44700	0	0000
44800	4	1111	0.000000	0.000000	0.000000	0.000000
44900	1	1000	0.000000
45000	1	1000	0.000000
45100	2	1100	0.000001	0.000000
45200	1	1000	0.000000
45300	0	0000
45400	1	1000	0.000000
45500	4	1111	0.000000	0.000000	0.000000	0.000000
45600	3	1110	0.000000	0.000000	0.000000
45700	3	1110	0.000000	0.000000	0.000000
45800	3	1110	0.000000	0.000000	0.000000
45900	4	1111	0.000000	0.000000	0.000000	0.000000
46000	3	1110	0.000000	0.000000	0.000000
46100	4	1111	0.000000	0.000000	0.000000	0.000000
46200	1	1000	0.000000
46300	2	1100	0.000000	0.000000
46400	3	1110	0.000001	0.000000	0.000000
46500	1	1000	0.000000
46600	4	1111	0.000000	0.000000	0.000000	0.000000
46700	0	0000
46800	4	1111	0.000000	0.000000	0.000000	0.000000
46900	0	0000
47000	2	1100	0.000000	0.000000
47100	3	1110	0.000000	0.000000	0.000000
47200	2	1100	0.000000	0.000000
47300	3	1110	0.000000	0.000000	0.000000
47400	4	1111	0.000000	0.000000	0.000000	0.000000
47500	4	1111	0.000000	0.000000	0.000000	0.000000
47600	0	0000
47700	0	0000
47800	3	1110	0.000000	0.000000	0.000000
47900	2	1100	0.000000	0.000000
48000	1	1000	0.000000
48100	0	0000
48200	0	0000
48300	4	1111	0.000000	0.000000	0.000000	0.000000
48400	2	1100	0.000000	0.000000
48500	4	1111	0.000001	0.000000	0.000000	0.000000
48600	1	1000	0.000001
48700	0	0000
48800	3	1110	0.000000	0.000000	0.000000
48900	0	0000
49000	4	1111	0.000001	0.000000	0.000000	0.000000
49100	1	1000	0.000000
49200	1	1000	0.000000
49300	4	1111	0.000000	0.000000	0.000000	0.000000
49400	3	1110	0.000001	0.000000	0.000000
49500	0	0000
49600	1	1000	0.000000
49700	0	0000
49800	2	1100	0.000000	0.000000
49900	1	1000	0.000000
50000	0	0000
50100	2	1100	0.000000	0.000000
50200	0	0000
50300	3	1110	0.000000	0.000000	0.000000
50400	2	1100	0.000000	0.000000
50500	1	1000	0.000000
50600	4	1111	0.000000	0.000000	0.000000	0.000000
50700	4	1111	0.000000	0.000000	0.000000	0.000000
50800	2	1100	0.000000	0.000000
50900	1	1000	0.000000
51000	3	1110	0.000000	0.000000	0.000000
51100	2	1100	0.000000	0.000000
51200	0	0000
51300	0	0000
51400	0	0000
51500	4	1111	0.000000	0.000000	0.000000	0.000000
51600	1	1000	0.000000
51700	3	1110	0.000000	0.000000	0.000000
51800	2	1100	0.000001	0.000000
51900	2	1100	0.000000	0.000000
52000	2	1100	0.000000	0.000000
52100	0	0000
52200	3	1110	0.000000	0.000000	0.000000
52300	1	1000	0.000000
52400	1	1000	0.000000
52500	3	1110	0.000000	0.000000	0.000000
52600	3	1110	0.000000	0.000000	0.000000
52700	1	1000	0.000000
52800	2	1100	0.000000	0.000000
52900	2	1100	0.000000	0.000000
53000	3	1110	0.000000	0.000000	0.000000
53100	3	1110	0.000000	0.000000	0.000000
53200	3	1110	0.000000	0.000000	0.000000
53300	0	0000
53400	2	1100	0.000000	0.000000
53500	0	0000
53600	4	1111	0.000000	0.000000	0.000000	0.000000
53700	4	1111	0.000000	0.000000	0.000000	0.000000
53800	0	0000
53900	2	1100	0.000000	0.000000
54000	0	0000
54100	3	1110	0.000000	0.000000	0.000000
54200	1	1000	0.000000
54300	4	1111	0.000000	0.000000	0.000000	0.000000
54400	1	1000	0.000000
54500	0	0000
54600	4	1111	0.000000	0.000000	0.000000	0.000000
54700	4	1111	0.000000	0.000000	0.000000	0.000000
54800	4	1111	0.000000	0.000000	0.000000	0.000000
54900	0	0000
55000	2	1100	0.000000	0.000000
55100	1	1000	0.000000
55200	1	1000	0.000000
55300	4	1111	0.000000	0.000000	0.000000	0.000000
55400	2	1100	0.000000	0.000000
55500	0	0000
55600	4	1111	0.000001	0.000000	0.000000	0.000000
55700	2	1100	0.000000	0.000000
55800	0	0000
55900	4	1111	0.000000	0.000000	0.000000	0.000000
56000	4	1111	0.000000	0.000000	0.000000	0.000000
56100	2	1100	0.000000	0.000000
56200	3	1110	0.000000	0.000000	0.000000
56300	4	1111	0.000000	0.000000	0.000000	0.000000
56400	1	1000	0.000000
56500	3	1110	0.000000	0.000000	0.000000
56600	0	0000
56700	3	1110	0.000000	0.000000	0.000000
56800	0	0000
56900	1	1000	0.000000
57000	1	1000	0.000000
57100	2	1100	0.000000	0.000000
57200	1	1000	0.000000
57300	4	1111	0.000000	0.000000	0.000000	0.000000
57400	3	1110	0.000000	0.000000	0.000000
57500	0	0000
57600	2	1100	0.000000	0.000000
57700	2	1100	0.000000	0.000000
57800	4	1111	0.000000	0.000000	0.000000	0.000000
57900	2	1100	0.000000	0.000000
58000	2	1100	0.000000	0.000000
58100	4	1111	0.000000	0.000000	0.000000	0.000000
58200	4	1111	0.000000	0.000000	0.000000	0.000000
58300	0	0000
58400	0	0000
58500	3	1110	0.000000	0.000000	0.000000
58600	2	1100	0.000000	0.000000
58700	4	1111	0.000000	0.000000	0.000000	0.000000
58800	4	1111	0.000000	0.000000	0.000000	0.000000
58900	0	0000
59000	0	0000
59100	2	1100	0.000000	0.000000
59200	2	1100	0.000000	0.000000
59300	0	0000
59400	2	1100	0.000000	0.000000
59500	2	1100	0.000000	0.000000
59600	2	1100	0.000000	0.000000
59700	0	0000
59800	0	0000
59900	2	1100	0.000000	0.000000
60000	0	0000
60100	1	1000	0.000000
60200	0	0000
60300	4	1111	0.000000	0.000000	0.000000	0.000000
60400	1	1000	0.000000
60500	1	1000	0.000000
60600	2	1100	0.000001	0.000001
60700	2	1100	0.000000	0.000000
60800	4	1111	0.000000	0.000000	0.000000	0.000000
60900	1	1000	0.000000
61000	0	0000
61100	4	1111	0.000000	0.000000	0.000000	0.000000
61200	3	1110	0.000000	0.000000	0.000000
61300	3	1110	0.000000	0.000000	0.000000
61400	0	0000
61500	1	1000	0.000000
61600	0	0000
61700	2	1100	0.000000	0.000000
61800	4	1111	0.000000	0.000000	0.000000	0.000000
61900	2	1100	0.000000	0.000000
62000	4	1111	0.000000	0.000000	0.000000	0.000000
62100	2	1100	0.000000	0.000000
62200	3	1110	0.000000	0.000000	0.000000
62300	3	1110	0.000000	0.000000	0.000000
62400	2	1100	0.000000	0.000000
62500	0	0000
62600	4	1111	0.000001	0.000000	0.000000	0.000000
62700	4	1111	0.000000	0.000000	0.000000	0.000000
62800	3	1110	0.000000	0.000000	0.000000
62900	1	1000	0.000000
63000	0	0000
63100	3	1110	0.000000	0.000000	0.000000
63200	2	1100	0.000000	0.000000
63300	2	1100	0.000000	0.000000
63400	4	1111	0.000000	0.000000	0.000000	0.000000
63500	3	1110	0.000000	0.000000	0.000000
63600	0	0000
63700	4	1111	0.000000	0.000000	0.000000	0.000000
63800	2	1100	0.000000	0.000000
63900	0	0000
64000	3	1110	0.000000	0.000000	0.000000
64100	0	0000
64200	0	0000
64300	4	1111	0.000000	0.000000	0.000000	0.000000
64400	2	1100	0.000000	0.000000
64500	0	0000
64600	3	1110	0.000000	0.000000	0.000000
64700	1	1000	0.000000
64800	1	1000	0.000001
64900	1	1000	0.000000
65000	4	1111	0.000000	0.000000	0.000000	0.000000
65100	1	1000	0.000000
65200	1	1000	0.000000
65300	0	0000
65400	2	1100	0.000000	0.000000
65500	1	1000	0.000000
65600	4	1111	0.000000	0.000000	0.000000	0.000000
65700	3	1110	0.000000	0.000000	0.000000
65800	4	1111	0.000000	0.000000	0.000000	0.000000
65900	0	0000
66000	2	1100	0.000000	0.000000
66100	4	1111	0.000000	0.000000	0.000000	0.000000
66200	4	1111	0.000000	0.000000	0.000000	0.000000
66300	2	1100	0.000000	0.000000
66400	1	1000	0.000000
66500	0	0000
66600	3	1110	0.000001	0.000000	0.000000
66700	0	0000
66800	0	0000
66900	0	0000
67000	4	1111	0.000000	0.000000	0.000000	0.000000
67100	1	1000	0.000000
67200	1	1000	0.000000
67300	3	1110	0.000000	0.000000	0.000000
67400	1	1000	0.000000
67500	3	1110	0.000000	0.000000	0.000000
67600	2	1100	0.000000	0.000000
67700	3	1110	0.000000	0.000000	0.000000
67800	0	0000
67900	0	0000
68000	3	1110	0.000000	0.000000	0.000000
68100	4	1111	0.000000	0.000000	0.000000	0.000000
68200	0	0000
68300	2	1100	0.000000	0.000000
68400	1	1000	0.000000
68500	4	1111	0.000000	0.000000	0.000000	0.000000
68600	3	1110	0.000000	0.000000	0.000000
68700	1	1000	0.000000
68800	2	1100	0.000000	0.000000
68900	0	0000
69000	4	1111	0.000000	0.000000	0.000000	0.000000
69100	2	1100	0.000000	0.000000
69200	4	1111	0.000000	0.000000	0.000000	0.000000
69300	3	1110	0.000000	0.000000	0.000000
69400	1	1000	0.000000
69500	4	1111	0.000000	0.000000	0.000000	0.000000
69600	1	1000	0.000000
69700	3	1110	0.000000	0.000000	0.000000
69800	0	0000
69900	1	1000	0.000000
70000	1	1000	0.000000
70100	1	1000	0.000000
70200	3	1110	0.000000	0.000000	0.000000
70300	0	0000
70400	1	1000	0.000000
70500	1	1000	0.000000
70600	1	1000	0.000000
70700	0	0000
70800	2	1100	0.000000	0.000000
70900	3	1110	0.000000	0.000000	0.000000
71000	2	1100	0.000000	0.000000
71100	3	1110	0.000000	0.000000	0.000000
71200	0	0000
71300	3	1110	0.000000	0.000000	0.000000
71400	0	0000
71500	0	0000
71600	3	1110	0.000000	0.000000	0.000000
71700	0	0000
71800	3	1110	0.000000	0.000000	0.000000
71900	4	1111	0.000000	0.000000	0.000000	0.000000
72000	3	1110	0.000000	0.000000	0.000000
72100	2	1100	0.000000	0.000000
72200	2	1100	0.000000	0.000000
72300	1	1000	0.000000
72400	1	1000	0.000000
72500	0	0000
72600	4	1111	0.000000	0.000000	0.000000	0.000000
72700	1	1000	0.000000
72800	4	1111	0.000000	0.000000	0.000000	0.000000
72900	1	1000	0.000000
73000	3	1110	0.000000	0.000000	0.000000
73100	3	1110	0.000000	0.000000	0.000000
73200	2	1100	0.000000	0.000000
73300	4	1111	0.000000	0.000000	0.000000	0.000000
73400	3	1110	0.000000	0.000000	0.000000
73500	4	1111	0.000001	0.000000	0.000000	0.000000
73600	4	1111	0.000000	0.000000	0.000000	0.000000
73700	2	1100	0.000000	0.000000
73800	1	1000	0.000000
73900	3	1110	0.000000	0.000000	0.000000
74000	0	0000
74100	0	0000
74200	1	1000	0.000001
74300	2	1100	0.000000	0.000000
74400	0	0000
74500	0	0000
74600	4	1111	0.000000	0.000000	0.000000	0.000000
74700	1	1000	0.000000
74800	3	1110	0.000000	0.000000	0.000000
74900	0	0000
75000	1	1000	0.000000
75100	0	0000
75200	0	0000
75300	1	1000	0.000000
75400	1	1000	0.000000
75500	4	1111	0.000000	0.000000	0.000000	0.000000
75600	3	1110	0.000000	0.000000	0.000000
75700	3	1110	0.000000	0.000000	0.000000
75800	1	1000	0.000001
75900	3	1110	0.000000	0.000000	0.000000
76000	0	0000
76100	0	0000
76200	4	1111	0.000000	0.000000	0.000000	0.000000
76300	0	0000
76400	0	0000
76500	1	1000	0.000000
76600	2	1100	0.000000	0.000000
76700	1	1000	0.000000
76800	1	1000	0.000000
76900	4	1111	0.000001	0.000001	0.000000	0.000000
77000	2	1100	0.000000	0.000000
77100	0	0000
77200	3	1110	0.000000	0.000000	0.000000
77300	4	1111	0.000000	0.000000	0.000000	0.000000
77400	2	1100	0.000000	0.000000
77500	3	1110	0.000000	0.000000	0.000000
77600	2	1100	0.000000	0.000000
77700	0	0000
77800	1	1000	0.000000
77900	4	1111	0.000000	0.000000	0.000000	0.000000
78000	4	1111	0.000000	0.000000	0.000000	0.000000
78100	4	1111	0.000000	0.000000	0.000000	0.000000
78200	4	1111	0.000001	0.000000	0.000000	0.000000
78300	0	0000
78400	1	1000	0.000000
78500	2	1100	0.000000	0.000000
78600	3	1110	0.000000	0.000000	0.000000
78700	3	1110	0.000000	0.000000	0.000000
78800	1	1000	0.000001
78900	4	1111	0.000000	0.000000	0.000000	0.000000
79000	0	0000
79100	3	1110	0.000000	0.000000	0.000000
79200	3	1110	0.000000	0.000000	0.000000
79300	1	1000	0.000002
79400	2	1100	0.000000	0.000000
79500	2	1100	0.000000	0.000000
79600	0	0000
79700	3	1110	0.000000	0.000000	0.000000
79800	3	1110	0.000000	0.000000	0.000000
79900	4	1111	0.000000	0.000000	0.000000	0.000000
80000	2	1100	0.000000	0.000000
80100	0	0000
80200	0	0000
80300	2	1100	0.000000	0.000000
80400	0	0000
80500	1	1000	0.000000
80600	2	1100	0.000000	0.000000
80700	1	1000	0.000000
80800	4	1111	0.000000	0.000000	0.000000	0.000000
80900	3	1110	0.000000	0.000000	0.000000
81000	0	0000
81100	0	0000
81200	3	1110	0.000000	0.000000	0.000000
81300	1	1000	0.000000
81400	1	1000	0.000000
81500	1	1000	0.000000
81600	2	1100	0.000000	0.000000
81700	2	1100	0.000000	0.000000
81800	1	1000	0.000000
81900	0	0000
82000	3	1110	0.000000	0.000000	0.000000
82100	4	1111	0.000000	0.000000	0.000000	0.000000
82200	1	1000	0.000000
82300	1	1000	0.000000
82400	2	1100	0.000000	0.000000
82500	4	1111	0.000000	0.000000	0.000000	0.000000
82600	1	1000	0.000000
82700	4	1111	0.000000	0.000000	0.000000	0.000000
82800	2	1100	0.000000	0.000000
82900	0	0000
83000	3	1110	0.000000	0.000000	0.000000
83100	1	1000	0.000000
83200	2	1100	0.000000	0.000000
83300	4	1111	0.000000	0.000000	0.000000	0.000000
83400	3	1110	0.000000	0.000000	0.000000
83500	1	1000	0.000000
83600	0	0000
83700	2	1100	0.000000	0.000000
83800	3	1110	0.000000	0.000000	0.000000
83900	2	1100	0.000000	0.000000
84000	1	1000	0.000000
84100	4	1111	0.000000	0.000000	0.000000	0.000000
84200	2	1100	0.000000	0.000000
84300	1	1000	0.000000
84400	2	1100	0.000000	0.000000
84500	3	1110	0.000000	0.000000	0.000000
84600	0	0000
84700	0	0000
84800	3	1110	0.000000	0.000000	0.000000
84900	3	1110	0.000000	0.000000	0.000000
85000	3	1110	0.000000	0.000000	0.000000
85100	0	0000
85200	4	1111	0.000000	0.000000	0.000000	0.000000
85300	0	0000
85400	0	0000
85500	4	1111	0.000000	0.000000	0.000000	0.000000
85600	3	1110	0.000000	0.000000	0.000000
85700	0	0000
85800	1	1000	0.000000
85900	3	1110	0.000000	0.000000	0.000000
86000	0	0000
86100	4	1111	0.000000	0.000000	0.000000	0.000000
86200	4	1111	0.000000	0.000000	0.000000	0.000000
86300	3	1110	0.000000	0.000000	0.000000
86400	3	1110	0.000000	0.000000	0.000000
86500	4	1111	0.000000	0.000000	0.000000	0.000000
86600	3	1110	0.000000	0.000000	0.000000
86700	1	1000	0.000000
86800	3	1110	0.000000	0.000000	0.000000
86900	2	1100	0.000000	0.000000
87000	1	1000	0.000000
87100	1	1000	0.000000
87200	0	0000
87300	1	1000	0.000000
87400	4	1111	0.000000	0.000000	0.000000	0.000000
87500	1	1000	0.000000
87600	3	1110	0.000000	0.000000	0.000000
87700	2	1100	0.000000	0.000000
87800	1	1000	0.000000
87900	2	1100	0.000000	0.000000
88000	4	1111	0.000000	0.000000	0.000000	0.000000
88100	2	1100	0.000000	0.000000
88200	4	1111	0.000000	0.000000	0.000000	0.000000
88300	1	1000	0.000000
88400	1	1000	0.000000
88500	1	1000	0.000000
88600	2	1100	0.000000	0.000000
88700	2	1100	0.000000	0.000000
88800	0	0000
88900	1	1000	0.000000
89000	2	1100	0.000000	0.000000
89100	3	1110	0.000000	0.000000	0.000000
89200	4	1111	0.000000	0.000000	0.000000	0.000000
89300	2	1100	0.000000	0.000000
89400	2	1100	0.000000	0.000000
89500	1	1000	0.000000
89600	4	1111	0.000001	0.000000	0.000000	0.000000
89700	4	1111	0.000000	0.000000	0.000000	0.000000
89800	3	1110	0.000000	0.000000	0.000000
89900	1	1000	0.000000
90000	4	1111	0.000000	0.000000	0.000000	0.000000
90100	2	1100	0.000000	0.000000
90200	4	1111	0.000000	0.000000	0.000000	0.000000
90300	1	1000	0.000000
90400	0	0000
90500	0	0000
90600	4	1111	0.000000	0.000000	0.000000	0.000000
90700	1	1000	0.000000
90800	1	1000	0.000000
90900	4	1111	0.000000	0.000000	0.000000	0.000000
91000	2	1100	0.000000	0.000000
91100	0	0000
91200	3	1110	0.000000	0.000000	0.000000
91300	0	0000
91400	4	1111	0.000000	0.000000	0.000000	0.000000
91500	4	1111	0.000000	0.000000	0.000000	0.000000
91600	0	0000
91700	1	1000	0.000000
91800	2	1100	0.000000	0.000000
91900	0	0000
92000	2	1100	0.000000	0.000000
92100	0	0000
92200	0	0000
92300	1	1000	0.000000
92400	0	0000
92500	2	1100	0.000000	0.000000
92600	1	1000	0.000000
92700	1	1000	0.000000
92800	1	1000	0.000000
92900	0	0000
93000	3	1110	0.000000	0.000000	0.000000
93100	1	1000	0.000000
93200	0	0000
93300	0	0000
93400	3	1110	0.000000	0.000000	0.000000
93500	1	1000	0.000000
93600	3	1110	0.000000	0.000000	0.000000
93700	0	0000
93800	4	1111	0.000000	0.000000	0.000000	0.000000
93900	1	1000	0.000000
94000	1	1000	0.000000
94100	0	0000
94200	1	1000	0.000000
94300	0	0000
94400	0	0000
94500	4	1111	0.000000	0.000000	0.000000	0.000000
94600	3	1110	0.000000	0.000000	0.000000
94700	3	1110	0.000000	0.000000	0.000000
94800	2	1100	0.000000	0.000000
94900	1	1000	0.000000
95000	1	1000	0.000002
95100	1	1000	0.000000
95200	3	1110	0.000000	0.000000	0.000000
95300	2	1100	0.000000	0.000000
95400	3	1110	0.000000	0.000000	0.000000
95500	4	1111	0.000000	0.000000	0.000000	0.000000
95600	2	1100	0.000000	0.000000
95700	3	1110	0.000000	0.000000	0.000000
95800	3	1110	0.000000	0.000000	0.000000
95900	3	1110	0.000000	0.000000	0.000000
96000	0	0000
96100	0	0000
96200	2	1100	0.000000	0.000000
96300	2	1100	0.000000	0.000000
96400	2	1100	0.000000	0.000000
96500	2	1100	0.000000	0.000000
96600	4	1111	0.000000	0.000000	0.000000	0.000000
96700	1	1000	0.000000
96800	2	1100	0.000001	0.000000
96900	1	1000	0.000000
97000	0	0000
97100	3	1110	0.000000	0.000000	0.000000
97200	0	0000
97300	1	1000	0.000000
97400	3	1110	0.000001	0.000000	0.000000
97500	2	1100	0.000000	0.000000
97600	1	1000	0.000000
97700	0	0000
97800	0	0000
97900	4	1111	0.000000	0.000000	0.000000	0.000000
98000	1	1000	0.000000
98100	4	1111	0.000000	0.000000	0.000000	0.000000
98200	2	1100	0.000000	0.000000
98300	3	1110	0.000000	0.000000	0.000000
98400	3	1110	0.000000	0.000000	0.000000
98500	1	1000	0.000000
98600	1	1000	0.000001
98700	2	1100	0.000000	0.000000
98800	0	0000
98900	0	0000
99000	1	1000	0.000000
99100	1	1000	0.000000
99200	2	1100	0.000000	0.000000
99300	0	0000
99400	3	1110	0.000000	0.000000	0.000000
99500	1	1000	0.000000
99600	2	1100	0.000000	0.000000
99700	3	1110	0.000000	0.000000	0.000000
99800	4	1111	0.000000	0.000000	0.000000	0.000000
99900	2	1100	0.000000	0.000000
100000	4	1111	0.000001	0.000001	0.000000	0.000000
