Gen	np	tree	tau_6T3T1T4T5T2	tau_7T3T1T4T5	tau_8T1T4T5	tau_9T4T5	lnL
100	4	1111	0.000125	0.000105	0.000100	0.000061	-29182.853
200	4	1111	0.000156	0.000126	0.000125	0.000064	-29178.944
300	4	1111	0.000183	0.000165	0.000148	0.000087	-29176.481
400	4	1111	0.000160	0.000131	0.000123	0.000029	-29178.704
500	4	1111	0.000120	0.000097	0.000096	0.000066	-29184.899
600	4	1111	0.000103	0.000096	0.000090	0.000054	-29179.373
700	4	1111	0.000117	0.000107	0.000092	0.000063	-29178.990
800	4	1111	0.000146	0.000135	0.000133	0.000084	-29181.091
900	4	1111	0.000197	0.000178	0.000157	0.000026	-29179.782
1000	4	1111	0.000081	0.000068	0.000065	0.000040	-29185.681
1100	4	1111	0.000107	0.000095	0.000074	0.000010	-29178.191
1200	4	1111	0.000163	0.000146	0.000144	0.000061	-29183.430
1300	4	1111	0.000137	0.000109	0.000104	0.000070	-29179.851
1400	4	1111	0.000200	0.000179	0.000178	0.000045	-29175.572
1500	4	1111	0.000179	0.000132	0.000071	0.000011	-29179.619
1600	4	1111	0.000187	0.000173	0.000168	0.000030	-29181.290
1700	4	1111	0.000165	0.000141	0.000135	0.000063	-29183.054
1800	3	1110	0.000163	0.000128	0.000125	-29181.748
1900	4	1111	0.000097	0.000071	0.000065	0.000055	-29178.877
2000	4	1111	0.000114	0.000086	0.000083	0.000012	-29180.957
2100	4	1111	0.000107	0.000098	0.000078	0.000045	-29178.048
2200	4	1111	0.000097	0.000077	0.000076	0.000020	-29183.812
2300	3	1110	0.000216	0.000191	0.000128	-29179.350
2400	4	1111	0.000184	0.000174	0.000173	0.000075	-29181.080
2500	3	1110	0.000107	0.000103	0.000078	-29181.333
2600	4	1111	0.000126	0.000110	0.000109	0.000054	-29182.253
2700	3	1110	0.000105	0.000082	0.000055	-29182.195
2800	4	1111	0.000090	0.000081	0.000068	0.000047	-29185.727
2900	4	1111	0.000087	0.000077	0.000073	0.000026	-29182.509
3000	4	1111	0.000177	0.000168	0.000162	0.000114	-29177.706
3100	4	1111	0.000102	0.000082	0.000078	0.000004	-29179.498
3200	3	1110	0.000149	0.000117	0.000113	-29183.546
3300	4	1111	0.000156	0.000145	0.000128	0.000041	-29180.870
3400	4	1111	0.000210	0.000197	0.000196	0.000071	-29180.348
3500	4	1111	0.000108	0.000097	0.000096	0.000044	-29181.578
3600	4	1111	0.000190	0.000162	0.000110	0.000062	-29181.366
3700	4	1111	0.000266	0.000229	0.000221	0.000093	-29178.980
3800	4	1111	0.000137	0.000126	0.000115	0.000070	-29185.000
3900	4	1111	0.000179	0.000166	0.000134	0.000046	-29182.254
4000	4	1111	0.000162	0.000149	0.000144	0.000049	-29179.716
4100	3	1110	0.000220	0.000186	0.000179	-29180.889
4200	4	1111	0.000185	0.000156	0.000152	0.000057	-29179.252
4300	4	1111	0.000128	0.000098	0.000087	0.000002	-29181.073
4400	3	1110	0.000115	0.000098	0.000083	-29178.065
4500	4	1111	0.000145	0.000120	0.000108	0.000084	-29176.070
4600	4	1111	0.000199	0.000149	0.000142	0.000108	-29180.243
4700	4	1111	0.000217	0.000199	0.000160	0.000038	-29180.159
4800	4	1111	0.000263	0.000249	0.000164	0.000048	-29178.988
4900	4	1111	0.000342	0.000334	0.000318	0.000211	-29183.121
5000	3	1110	0.000140	0.000130	0.000083	-29180.557
5100	4	1111	0.000138	0.000130	0.000117	0.000078	-29180.526
5200	4	1111	0.000194	0.000156	0.000139	0.000105	-29183.520
5300	4	1111	0.000236	0.000220	0.000210	0.000100	-29184.460
5400	4	1111	0.000132	0.000114	0.000098	0.000041	-29179.209
5500	4	1111	0.000191	0.000171	0.000160	0.000083	-29180.923
5600	4	1111	0.000171	0.000130	0.000121	0.000090	-29185.802
5700	4	1111	0.000153	0.000120	0.000112	0.000062	-29187.615
5800	4	1111	0.000258	0.000236	0.000174	0.000134	-29186.834
5900	4	1111	0.000145	0.000105	0.000102	0.000035	-29183.610
6000	4	1111	0.000155	0.000119	0.000105	0.000085	-29182.360
6100	4	1111	0.000169	0.000132	0.000130	0.000087	-29177.919
6200	4	1111	0.000199	0.000183	0.000139	0.000040	-29183.758
6300	4	1111	0.000151	0.000141	0.000133	0.000028	-29179.640
6400	4	1111	0.000140	0.000120	0.000118	0.000024	-29179.202
6500	4	1111	0.000213	0.000197	0.000185	0.000103	-29179.972
6600	3	1110	0.000220	0.000182	0.000180	-29178.644
6700	4	1111	0.000191	0.000172	0.000168	0.000122	-29184.874
6800	4	1111	0.000288	0.000271	0.000252	0.000115	-29186.801
6900	4	1111	0.000162	0.000136	0.000082	0.000041	-29184.583
7000	4	1111	0.000184	0.000140	0.000134	0.000063	-29177.699
7100	4	1111	0.000232	0.000159	0.000157	0.000029	-29178.796
7200	4	1111	0.000226	0.000193	0.000184	0.000044	-29178.466
7300	4	1111	0.000170	0.000150	0.000146	0.000052	-29184.152
7400	4	1111	0.000155	0.000149	0.000138	0.000040	-29180.141
7500	4	1111	0.000159	0.000113	0.000108	0.000010	-29180.302
7600	4	1111	0.000179	0.000138	0.000132	0.000054	-29182.559
7700	4	1111	0.000162	0.000135	0.000133	0.000026	-29181.591
7800	4	1111	0.000236	0.000229	0.000227	0.000066	-29181.906
7900	4	1111	0.000152	0.000140	0.000108	0.000023	-29182.558
8000	4	1111	0.000196	0.000137	0.000092	0.000059	-29181.513
8100	4	1111	0.000213	0.000175	0.000150	0.000061	-29179.408
8200	4	1111	0.000219	0.000208	0.000204	0.000076	-29185.717
8300	4	1111	0.000173	0.000099	0.000095	0.000066	-29182.092
8400	4	1111	0.000182	0.000159	0.000155	0.000121	-29180.209
8500	3	1110	0.000273	0.000233	0.000231	-29180.449
8600	4	1111	0.000210	0.000131	0.000125	0.000072	-29179.222
8700	4	1111	0.000200	0.000175	0.000161	0.000133	-29179.365
8800	4	1111	0.000219	0.000216	0.000172	0.000116	-29183.549
8900	4	1111	0.000162	0.000142	0.000122	0.000071	-29181.032
9000	4	1111	0.000270	0.000247	0.000219	0.000112	-29182.870
9100	4	1111	0.000245	0.000229	0.000221	0.000055	-29179.428
9200	4	1111	0.000205	0.000175	0.000171	0.000094	-29178.970
9300	3	1110	0.000139	0.000121	0.000119	-29176.123
9400	4	1111	0.000211	0.000194	0.000160	0.000106	-29182.966
9500	4	1111	0.000176	0.000159	0.000150	0.000066	-29178.798
9600	4	1111	0.000192	0.000174	0.000159	0.000067	-29181.128
9700	4	1111	0.000297	0.000231	0.000189	0.000171	-29176.285
9800	4	1111	0.000240	0.000192	0.000188	0.000136	-29185.408
9900	4	1111	0.000136	0.000093	0.000082	0.000061	-29178.958
10000	4	1111	0.000255	0.000242	0.000241	0.000054	-29178.400
10100	4	1111	0.000141	0.000130	0.000127	0.000042	-29182.190
10200	4	1111	0.000285	0.000267	0.000240	0.000163	-29180.982
10300	4	1111	0.000155	0.000117	0.000117	0.000073	-29180.262
10400	4	1111	0.000210	0.000178	0.000154	0.000091	-29176.675
10500	4	1111	0.000150	0.000137	0.000118	0.000098	-29182.827
10600	4	1111	0.000293	0.000270	0.000250	0.000057	-29178.790
10700	4	1111	0.000171	0.000161	0.000131	0.000062	-29177.752
10800	4	1111	0.000222	0.000196	0.000191	0.000068	-29184.386
10900	4	1111	0.000168	0.000158	0.000149	0.000066	-29186.337
11000	4	1111	0.000240	0.000204	0.000198	0.000111	-29180.003
11100	4	1111	0.000250	0.000207	0.000202	0.000110	-29181.787
11200	4	1111	0.000180	0.000145	0.000141	0.000058	-29176.471
11300	4	1111	0.000292	0.000251	0.000248	0.000197	-29183.701
11400	3	1110	0.000168	0.000121	0.000107	-29181.414
11500	4	1111	0.000244	0.000234	0.000217	0.000104	-29178.064
11600	4	1111	0.000258	0.000235	0.000229	0.000146	-29184.670
11700	4	1111	0.000218	0.000188	0.000129	0.000055	-29184.254
11800	4	1111	0.000237	0.000217	0.000197	0.000172	-29179.637
11900	4	1111	0.000247	0.000227	0.000225	0.000156	-29186.808
12000	4	1111	0.000119	0.000114	0.000091	0.000051	-29179.799
12100	4	1111	0.000260	0.000247	0.000230	0.000219	-29180.711
12200	4	1111	0.000288	0.000275	0.000254	0.000228	-29177.948
12300	4	1111	0.000225	0.000207	0.000205	0.000156	-29177.519
12400	4	1111	0.000164	0.000149	0.000112	0.000076	-29173.464
12500	4	1111	0.000244	0.000229	0.000207	0.000129	-29181.025
12600	4	1111	0.000138	0.000126	0.000120	0.000102	-29186.535
12700	4	1111	0.000144	0.000135	0.000120	0.000089	-29185.512
12800	4	1111	0.000203	0.000190	0.000135	0.000101	-29182.828
12900	4	1111	0.000191	0.000166	0.000103	0.000016	-29187.276
13000	4	1111	0.000234	0.000180	0.000166	0.000112	-29184.092
13100	4	1111	0.000238	0.000216	0.000208	0.000068	-29183.452
13200	4	1111	0.000241	0.000233	0.000200	0.000090	-29183.642
13300	4	1111	0.000232	0.000218	0.000198	0.000083	-29179.360
13400	4	1111	0.000176	0.000155	0.000154	0.000075	-29183.260
13500	4	1111	0.000174	0.000167	0.000149	0.000070	-29183.901
13600	4	1111	0.000196	0.000145	0.000107	0.000029	-29184.877
13700	4	1111	0.000315	0.000301	0.000295	0.000149	-29184.453
13800	4	1111	0.000173	0.000141	0.000140	0.000129	-29186.024
13900	4	1111	0.000304	0.000298	0.000296	0.000104	-29183.216
14000	4	1111	0.000388	0.000327	0.000297	0.000148	-29179.996
14100	4	1111	0.000272	0.000262	0.000254	0.000132	-29179.758
14200	4	1111	0.000187	0.000179	0.000175	0.000114	-29183.327
14300	4	1111	0.000229	0.000224	0.000186	0.000087	-29180.919
14400	4	1111	0.000329	0.000285	0.000276	0.000073	-29181.827
14500	4	1111	0.000240	0.000233	0.000210	0.000164	-29186.147
14600	4	1111	0.000211	0.000185	0.000174	0.000092	-29180.776
14700	4	1111	0.000196	0.000174	0.000170	0.000077	-29181.923
14800	4	1111	0.000328	0.000237	0.000187	0.000119	-29180.931
14900	4	1111	0.000376	0.000356	0.000347	0.000204	-29183.508
15000	3	1110	0.000119	0.000110	0.000103	-29182.080
15100	4	1111	0.000216	0.000200	0.000184	0.000078	-29184.440
15200	4	1111	0.000329	0.000311	0.000283	0.000176	-29184.495
15300	4	1111	0.000283	0.000272	0.000255	0.000222	-29181.148
15400	4	1111	0.000173	0.000159	0.000116	0.000015	-29180.097
15500	4	1111	0.000284	0.000269	0.000263	0.000060	-29185.597
15600	4	1111	0.000159	0.000151	0.000123	0.000041	-29177.652
15700	4	1111	0.000293	0.000233	0.000229	0.000053	-29183.141
15800	4	1111	0.000210	0.000184	0.000127	0.000090	-29180.607
15900	4	1111	0.000148	0.000138	0.000102	0.000081	-29184.074
16000	4	1111	0.000252	0.000212	0.000184	0.000119	-29181.632
16100	4	1111	0.000273	0.000189	0.000145	0.000093	-29183.374
16200	4	1111	0.000260	0.000211	0.000199	0.000116	-29182.764
16300	4	1111	0.000220	0.000146	0.000136	0.000120	-29185.400
16400	4	1111	0.000232	0.000198	0.000191	0.000089	-29180.063
16500	4	1111	0.000352	0.000343	0.000290	0.000072	-29179.166
16600	4	1111	0.000338	0.000306	0.000302	0.000280	-29186.181
16700	4	1111	0.000262	0.000259	0.000258	0.000185	-29182.057
16800	4	1111	0.000275	0.000217	0.000200	0.000149	-29182.469
16900	4	1111	0.000382	0.000320	0.000314	0.000090	-29176.283
17000	4	1111	0.000288	0.000277	0.000161	0.000111	-29176.466
17100	4	1111	0.000336	0.000273	0.000268	0.000179	-29181.244
17200	4	1111	0.000281	0.000231	0.000174	0.000106	-29176.818
17300	4	1111	0.000340	0.000331	0.000329	0.000243	-29183.519
17400	4	1111	0.000157	0.000131	0.000121	0.000046	-29183.559
17500	4	1111	0.000349	0.000342	0.000293	0.000034	-29184.245
17600	4	1111	0.000240	0.000200	0.000125	0.000075	-29176.584
17700	4	1111	0.000284	0.000273	0.000228	0.000162	-29179.803
17800	4	1111	0.000284	0.000273	0.000235	0.000159	-29183.605
17900	4	1111	0.000214	0.000191	0.000184	0.000105	-29181.745
18000	4	1111	0.000212	0.000204	0.000203	0.000113	-29184.843
18100	4	1111	0.000173	0.000169	0.000122	0.000067	-29182.306
18200	4	1111	0.000183	0.000167	0.000167	0.000034	-29180.480
18300	4	1111	0.000172	0.000128	0.000123	0.000032	-29183.540
18400	3	1110	0.000203	0.000186	0.000124	-29180.564
18500	4	1111	0.000244	0.000217	0.000196	0.000095	-29179.546
18600	4	1111	0.000205	0.000162	0.000156	0.000100	-29179.970
18700	4	1111	0.000266	0.000236	0.000125	0.000093	-29181.219
18800	4	1111	0.000336	0.000321	0.000294	0.000157	-29180.125
18900	4	1111	0.000340	0.000274	0.000254	0.000080	-29179.686
19000	4	1111	0.000159	0.000151	0.000126	0.000090	-29180.879
19100	4	1111	0.000330	0.000308	0.000305	0.000164	-29176.029
19200	4	1111	0.000447	0.000446	0.000357	0.000128	-29181.710
19300	4	1111	0.000225	0.000197	0.000155	0.000118	-29185.212
19400	4	1111	0.000296	0.000280	0.000267	0.000196	-29179.746
19500	4	1111	0.000401	0.000289	0.000288	0.000212	-29178.560
19600	4	1111	0.000431	0.000383	0.000368	0.000270	-29181.216
19700	4	1111	0.000156	0.000141	0.000120	0.000078	-29180.543
19800	4	1111	0.000315	0.000302	0.000293	0.000183	-29184.729
19900	4	1111	0.000269	0.000229	0.000216	0.000139	-29184.685
20000	4	1111	0.000185	0.000172	0.000168	0.000105	-29186.627
20100	4	1111	0.000317	0.000309	0.000304	0.000247	-29184.369
20200	4	1111	0.000314	0.000193	0.000162	0.000128	-29182.046
20300	4	1111	0.000179	0.000131	0.000121	0.000089	-29181.431
20400	4	1111	0.000203	0.000169	0.000157	0.000066	-29184.080
20500	4	1111	0.000219	0.000200	0.000199	0.000086	-29180.096
20600	4	1111	0.000403	0.000361	0.000357	0.000144	-29176.087
20700	4	1111	0.000309	0.000295	0.000279	0.000175	-29184.180
20800	4	1111	0.000265	0.000222	0.000153	0.000135	-29178.653
20900	4	1111	0.000412	0.000384	0.000378	0.000252	-29183.251
21000	4	1111	0.000155	0.000131	0.000130	0.000024	-29180.318
21100	4	1111	0.000231	0.000158	0.000150	0.000104	-29180.260
21200	4	1111	0.000243	0.000215	0.000151	0.000006	-29178.962
21300	4	1111	0.000325	0.000275	0.000187	0.000110	-29180.969
21400	4	1111	0.000327	0.000314	0.000313	0.000099	-29180.563
21500	4	1111	0.000254	0.000240	0.000228	0.000058	-29183.823
21600	4	1111	0.000287	0.000276	0.000204	0.000176	-29176.787
21700	4	1111	0.000261	0.000253	0.000232	0.000107	-29181.215
21800	4	1111	0.000165	0.000126	0.000116	0.000033	-29177.746
21900	4	1111	0.000190	0.000141	0.000133	0.000036	-29182.237
22000	4	1111	0.000225	0.000212	0.000207	0.000100	-29181.988
22100	4	1111	0.000247	0.000215	0.000205	0.000176	-29180.845
22200	4	1111	0.000189	0.000155	0.000144	0.000060	-29176.390
22300	4	1111	0.000192	0.000175	0.000173	0.000087	-29178.630
22400	4	1111	0.000131	0.000124	0.000123	0.000057	-29178.954
22500	4	1111	0.000223	0.000208	0.000199	0.000027	-29185.158
22600	4	1111	0.000191	0.000174	0.000138	0.000109	-29182.600
22700	4	1111	0.000125	0.000116	0.000111	0.000052	-29185.579
22800	4	1111	0.000336	0.000326	0.000287	0.000061	-29182.160
22900	4	1111	0.000175	0.000172	0.000154	0.000020	-29182.074
23000	4	1111	0.000274	0.000242	0.000236	0.000004	-29180.741
23100	4	1111	0.000213	0.000211	0.000195	0.000104	-29183.088
23200	4	1111	0.000142	0.000140	0.000128	0.000063	-29180.560
23300	4	1111	0.000181	0.000169	0.000163	0.000082	-29184.068
23400	4	1111	0.000174	0.000163	0.000156	0.000110	-29184.988
23500	4	1111	0.000276	0.000263	0.000238	0.000113	-29181.717
23600	4	1111	0.000211	0.000198	0.000156	0.000044	-29178.093
23700	4	1111	0.000174	0.000139	0.000137	0.000018	-29183.505
23800	4	1111	0.000193	0.000179	0.000171	0.000104	-29182.833
23900	4	1111	0.000205	0.000201	0.000201	0.000035	-29179.676
24000	3	1110	0.000359	0.000345	0.000341	-29178.893
24100	4	1111	0.000247	0.000191	0.000190	0.000073	-29184.339
24200	4	1111	0.000271	0.000255	0.000238	0.000093	-29185.552
24300	4	1111	0.000202	0.000180	0.000137	0.000027	-29178.805
24400	4	1111	0.000272	0.000223	0.000223	0.000115	-29178.399
24500	4	1111	0.000188	0.000174	0.000174	0.000086	-29182.309
24600	4	1111	0.000319	0.000295	0.000235	0.000084	-29181.190
24700	4	1111	0.000175	0.000158	0.000150	0.000125	-29182.948
24800	4	1111	0.000235	0.000216	0.000207	0.000120	-29181.054
24900	4	1111	0.000222	0.000208	0.000207	0.000168	-29189.030
25000	4	1111	0.000157	0.000147	0.000116	0.000084	-29183.351
25100	4	1111	0.000193	0.000189	0.000168	0.000080	-29181.264
25200	4	1111	0.000122	0.000117	0.000097	0.000047	-29181.465
25300	4	1111	0.000186	0.000129	0.000098	0.000051	-29184.907
25400	4	1111	0.000203	0.000172	0.000159	0.000071	-29183.002
25500	4	1111	0.000134	0.000128	0.000116	0.000051	-29181.089
25600	4	1111	0.000165	0.000150	0.000113	0.000091	-29184.876
25700	4	1111	0.000162	0.000156	0.000156	0.000093	-29185.716
25800	4	1111	0.000278	0.000272	0.000218	0.000120	-29183.540
25900	4	1111	0.000287	0.000266	0.000247	0.000217	-29181.355
26000	3	1110	0.000120	0.000107	0.000089	-29178.206
26100	4	1111	0.000214	0.000198	0.000192	0.000058	-29184.347
26200	4	1111	0.000165	0.000153	0.000146	0.000081	-29183.217
26300	4	1111	0.000163	0.000156	0.000151	0.000064	-29182.225
26400	4	1111	0.000141	0.000134	0.000133	0.000073	-29186.819
26500	4	1111	0.000220	0.000210	0.000174	0.000109	-29186.177
26600	4	1111	0.000155	0.000149	0.000136	0.000016	-29186.778
26700	4	1111	0.000185	0.000159	0.000153	0.000054	-29185.318
26800	4	1111	0.000186	0.000150	0.000146	0.000045	-29183.833
26900	3	1110	0.000131	0.000125	0.000123	-29181.008
27000	3	1110	0.000141	0.000127	0.000126	-29184.311
27100	4	1111	0.000169	0.000162	0.000154	0.000116	-29179.845
27200	4	1111	0.000127	0.000122	0.000121	0.000009	-29186.513
27300	4	1111	0.000248	0.000236	0.000138	0.000070	-29181.898
27400	4	1111	0.000242	0.000231	0.000222	0.000031	-29183.094
27500	4	1111	0.000189	0.000175	0.000161	0.000077	-29182.754
27600	4	1111	0.000165	0.000159	0.000141	0.000049	-29183.065
27700	4	1111	0.000189	0.000174	0.000168	0.000133	-29183.205
27800	4	1111	0.000429	0.000411	0.000397	0.000094	-29181.129
27900	4	1111	0.000227	0.000183	0.000177	0.000009	-29183.604
28000	3	1110	0.000314	0.000299	0.000298	-29180.444
28100	4	1111	0.000191	0.000177	0.000158	0.000065	-29182.597
28200	4	1111	0.000190	0.000182	0.000177	0.000065	-29182.763
28300	4	1111	0.000164	0.000152	0.000148	0.000053	-29180.798
28400	4	1111	0.000231	0.000220	0.000141	0.000045	-29182.513
28500	4	1111	0.000254	0.000234	0.000208	0.000106	-29178.824
28600	4	1111	0.000247	0.000196	0.000172	0.000120	-29181.911
28700	4	1111	0.000190	0.000185	0.000181	0.000115	-29179.644
28800	4	1111	0.000228	0.000217	0.000145	0.000047	-29181.208
28900	4	1111	0.000373	0.000346	0.000331	0.000146	-29180.901
29000	4	1111	0.000213	0.000194	0.000185	0.000070	-29183.949
29100	4	1111	0.000221	0.000210	0.000190	0.000062	-29183.088
29200	4	1111	0.000141	0.000129	0.000122	0.000050	-29180.024
29300	4	1111	0.000175	0.000139	0.000124	0.000051	-29181.113
29400	4	1111	0.000162	0.000130	0.000125	0.000057	-29185.637
29500	4	1111	0.000151	0.000143	0.000117	0.000048	-29180.472
29600	4	1111	0.000221	0.000193	0.000192	0.000045	-29180.430
29700	4	1111	0.000182	0.000149	0.000140	0.000070	-29184.407
29800	4	1111	0.000242	0.000221	0.000140	0.000042	-29179.003
29900	4	1111	0.000296	0.000270	0.000263	0.000001	-29183.796
30000	4	1111	0.000201	0.000188	0.000169	0.000076	-29180.189
30100	4	1111	0.000284	0.000180	0.000130	0.000084	-29172.008
30200	4	1111	0.000204	0.000196	0.000185	0.000128	-29181.025
30300	4	1111	0.000185	0.000131	0.000110	0.000034	-29177.372
30400	4	1111	0.000110	0.000091	0.000090	0.000056	-29180.692
30500	4	1111	0.000256	0.000254	0.000249	0.000067	-29172.994
30600	4	1111	0.000268	0.000260	0.000246	0.000123	-29176.985
30700	4	1111	0.000227	0.000202	0.000187	0.000094	-29182.679
30800	4	1111	0.000251	0.000232	0.000216	0.000088	-29179.522
30900	4	1111	0.000282	0.000223	0.000209	0.000160	-29182.041
31000	4	1111	0.000184	0.000165	0.000157	0.000043	-29175.710
31100	4	1111	0.000217	0.000214	0.000211	0.000033	-29181.102
31200	4	1111	0.000199	0.000127	0.000115	0.000063	-29180.834
31300	4	1111	0.000225	0.000181	0.000165	0.000076	-29178.141
31400	4	1111	0.000228	0.000221	0.000206	0.000035	-29175.738
31500	4	1111	0.000213	0.000183	0.000161	0.000041	-29181.500
31600	4	1111	0.000263	0.000222	0.000218	0.000025	-29182.504
31700	4	1111	0.000223	0.000207	0.000195	0.000072	-29175.980
31800	3	1110	0.000268	0.000260	0.000228	-29174.322
31900	4	1111	0.000108	0.000086	0.000084	0.000030	-29175.939
32000	4	1111	0.000128	0.000126	0.000123	0.000056	-29180.448
32100	4	1111	0.000169	0.000136	0.000121	0.000028	-29180.470
32200	4	1111	0.000152	0.000140	0.000126	0.000021	-29181.539
32300	4	1111	0.000157	0.000140	0.000124	0.000078	-29177.475
32400	4	1111	0.000134	0.000125	0.000105	0.000055	-29177.654
32500	4	1111	0.000096	0.000083	0.000082	0.000067	-29183.728
32600	4	1111	0.000194	0.000190	0.000156	0.000117	-29178.577
32700	4	1111	0.000140	0.000134	0.000132	0.000050	-29181.755
32800	4	1111	0.000107	0.000094	0.000086	0.000029	-29179.534
32900	4	1111	0.000107	0.000102	0.000098	0.000030	-29184.026
33000	4	1111	0.000180	0.000154	0.000113	0.000064	-29184.010
33100	4	1111	0.000153	0.000142	0.000120	0.000057	-29180.041
33200	4	1111	0.000143	0.000135	0.000132	0.000052	-29182.771
33300	4	1111	0.000217	0.000213	0.000163	0.000040	-29181.416
33400	4	1111	0.000198	0.000192	0.000148	0.000105	-29180.290
33500	4	1111	0.000189	0.000173	0.000164	0.000005	-29181.129
33600	4	1111	0.000158	0.000150	0.000147	0.000092	-29179.954
33700	4	1111	0.000185	0.000182	0.000180	0.000085	-29182.277
33800	4	1111	0.000226	0.000215	0.000192	0.000078	-29178.975
33900	4	1111	0.000117	0.000111	0.000102	0.000048	-29175.156
34000	4	1111	0.000193	0.000186	0.000174	0.000091	-29177.579
34100	4	1111	0.000122	0.000119	0.000085	0.000043	-29182.042
34200	4	1111	0.000144	0.000131	0.000130	0.000006	-29181.711
34300	4	1111	0.000227	0.000208	0.000159	0.000102	-29178.012
34400	4	1111	0.000143	0.000130	0.000124	0.000100	-29181.174
34500	4	1111	0.000125	0.000108	0.000100	0.000074	-29175.972
34600	4	1111	0.000210	0.000187	0.000152	0.000069	-29182.386
34700	4	1111	0.000220	0.000196	0.000191	0.000138	-29179.204
34800	4	1111	0.000266	0.000202	0.000167	0.000120	-29178.288
34900	4	1111	0.000300	0.000274	0.000239	0.000097	-29176.160
35000	4	1111	0.000195	0.000184	0.000165	0.000072	-29177.169
35100	4	1111	0.000170	0.000133	0.000131	0.000028	-29173.454
35200	4	1111	0.000220	0.000206	0.000137	0.000057	-29174.905
35300	3	1110	0.000190	0.000156	0.000149	-29180.265
35400	4	1111	0.000249	0.000241	0.000232	0.000031	-29175.388
35500	4	1111	0.000263	0.000245	0.000220	0.000031	-29181.727
35600	4	1111	0.000274	0.000255	0.000240	0.000179	-29179.476
35700	4	1111	0.000339	0.000276	0.000274	0.000123	-29177.477
35800	4	1111	0.000220	0.000203	0.000182	0.000117	-29176.474
35900	4	1111	0.000262	0.000260	0.000125	0.000080	-29179.749
36000	4	1111	0.000208	0.000109	0.000107	0.000030	-29180.486
36100	4	1111	0.000245	0.000217	0.000210	0.000105	-29182.920
36200	4	1111	0.000152	0.000144	0.000120	0.000099	-29175.755
36300	4	1111	0.000284	0.000261	0.000252	0.000061	-29177.671
36400	4	1111	0.000137	0.000125	0.000111	0.000057	-29180.946
36500	4	1111	0.000258	0.000253	0.000234	0.000119	-29182.132
36600	4	1111	0.000346	0.000325	0.000251	0.000069	-29178.861
36700	4	1111	0.000232	0.000210	0.000175	0.000031	-29177.795
36800	4	1111	0.000267	0.000235	0.000233	0.000124	-29180.076
36900	4	1111	0.000315	0.000225	0.000219	0.000144	-29175.646
37000	4	1111	0.000196	0.000171	0.000154	0.000124	-29183.452
37100	4	1111	0.000189	0.000184	0.000179	0.000093	-29183.847
37200	4	1111	0.000205	0.000169	0.000166	0.000113	-29181.592
37300	4	1111	0.000261	0.000245	0.000238	0.000169	-29182.289
37400	4	1111	0.000191	0.000189	0.000187	0.000078	-29181.496
37500	4	1111	0.000234	0.000225	0.000219	0.000146	-29175.933
37600	4	1111	0.000195	0.000170	0.000162	0.000120	-29181.574
37700	4	1111	0.000151	0.000136	0.000118	0.000092	-29180.319
37800	4	1111	0.000319	0.000240	0.000227	0.000168	-29176.426
37900	4	1111	0.000404	0.000393	0.000286	0.000275	-29179.995
38000	4	1111	0.000322	0.000309	0.000304	0.000199	-29184.143
38100	4	1111	0.000267	0.000260	0.000170	0.000118	-29180.332
38200	4	1111	0.000351	0.000302	0.000285	0.000200	-29181.186
38300	4	1111	0.000308	0.000292	0.000270	0.000133	-29179.315
38400	4	1111	0.000449	0.000433	0.000416	0.000276	-29180.601
38500	4	1111	0.000323	0.000167	0.000163	0.000098	-29177.184
38600	4	1111	0.000343	0.000310	0.000306	0.000213	-29179.035
38700	4	1111	0.000250	0.000245	0.000229	0.000156	-29179.247
38800	4	1111	0.000272	0.000257	0.000256	0.000145	-29181.367
38900	4	1111	0.000402	0.000388	0.000367	0.000117	-29179.082
39000	4	1111	0.000204	0.000200	0.000127	0.000065	-29178.156
39100	4	1111	0.000193	0.000147	0.000125	0.000087	-29177.955
39200	4	1111	0.000221	0.000209	0.000170	0.000105	-29179.045
39300	4	1111	0.000189	0.000120	0.000096	0.000061	-29179.637
39400	4	1111	0.000241	0.000206	0.000195	0.000116	-29174.015
39500	4	1111	0.000291	0.000154	0.000144	0.000095	-29174.485
39600	4	1111	0.000257	0.000241	0.000230	0.000126	-29181.550
39700	4	1111	0.000350	0.000335	0.000265	0.000195	-29177.180
39800	4	1111	0.000296	0.000271	0.000255	0.000129	-29180.328
39900	4	1111	0.000296	0.000263	0.000224	0.000057	-29175.713
40000	4	1111	0.000248	0.000199	0.000142	0.000040	-29175.931
40100	4	1111	0.000343	0.000332	0.000326	0.000120	-29178.090
40200	4	1111	0.000284	0.000253	0.000241	0.000200	-29182.379
40300	4	1111	0.000217	0.000157	0.000156	0.000096	-29179.560
40400	4	1111	0.000207	0.000158	0.000157	0.000114	-29180.367
40500	3	1110	0.000376	0.000362	0.000344	-29176.034
40600	4	1111	0.000219	0.000209	0.000159	0.000099	-29178.003
40700	4	1111	0.000309	0.000221	0.000133	0.000054	-29177.908
40800	4	1111	0.000275	0.000228	0.000217	0.000080	-29176.486
40900	3	1110	0.000285	0.000277	0.000195	-29177.332
41000	4	1111	0.000373	0.000306	0.000294	0.000198	-29173.152
41100	4	1111	0.000330	0.000300	0.000264	0.000202	-29179.156
41200	4	1111	0.000281	0.000260	0.000259	0.000249	-29183.765
41300	4	1111	0.000309	0.000303	0.000282	0.000233	-29176.212
41400	4	1111	0.000238	0.000195	0.000160	0.000137	-29177.252
41500	4	1111	0.000156	0.000123	0.000101	0.000034	-29175.370
41600	4	1111	0.000242	0.000197	0.000181	0.000041	-29175.601
41700	4	1111	0.000249	0.000229	0.000226	0.000092	-29180.347
41800	4	1111	0.000179	0.000172	0.000163	0.000068	-29178.967
41900	4	1111	0.000313	0.000287	0.000267	0.000169	-29173.710
42000	4	1111	0.000227	0.000201	0.000177	0.000033	-29171.855
42100	4	1111	0.000262	0.000210	0.000184	0.000074	-29173.685
42200	4	1111	0.000220	0.000181	0.000170	0.000089	-29177.370
42300	4	1111	0.000182	0.000160	0.000148	0.000107	-29181.160
42400	4	1111	0.000280	0.000247	0.000175	0.000119	-29175.523
42500	4	1111	0.000196	0.000192	0.000187	0.000151	-29181.123
42600	3	1110	0.000203	0.000168	0.000127	-29180.282
42700	4	1111	0.000176	0.000160	0.000148	0.000140	-29178.373
42800	4	1111	0.000342	0.000325	0.000325	0.000167	-29178.877
42900	4	1111	0.000175	0.000167	0.000150	0.000100	-29175.613
43000	3	1110	0.000383	0.000367	0.000349	-29180.435
43100	4	1111	0.000153	0.000143	0.000062	0.000007	-29175.724
43200	4	1111	0.000134	0.000123	0.000114	0.000062	-29176.228
43300	4	1111	0.000313	0.000246	0.000224	0.000117	-29173.215
43400	4	1111	0.000317	0.000304	0.000303	0.000049	-29180.677
43500	4	1111	0.000155	0.000140	0.000133	0.000040	-29179.750
43600	4	1111	0.000196	0.000163	0.000154	0.000079	-29182.791
43700	4	1111	0.000238	0.000207	0.000207	0.000096	-29176.667
43800	4	1111	0.000176	0.000174	0.000172	0.000106	-29180.678
43900	4	1111	0.000410	0.000383	0.000329	0.000229	-29180.315
44000	4	1111	0.000200	0.000155	0.000150	0.000124	-29178.604
44100	4	1111	0.000163	0.000142	0.000126	0.000067	-29178.223
44200	4	1111	0.000293	0.000247	0.000230	0.000070	-29180.289
44300	4	1111	0.000138	0.000109	0.000101	0.000053	-29178.785
44400	4	1111	0.000160	0.000132	0.000097	0.000042	-29175.527
44500	4	1111	0.000203	0.000196	0.000190	0.000093	-29175.777
44600	4	1111	0.000360	0.000230	0.000189	0.000038	-29177.891
44700	4	1111	0.000183	0.000132	0.000132	0.000063	-29179.600
44800	4	1111	0.000161	0.000158	0.000152	0.000104	-29184.128
44900	4	1111	0.000230	0.000193	0.000171	0.000049	-29181.097
45000	4	1111	0.000260	0.000164	0.000153	0.000110	-29178.015
45100	4	1111	0.000248	0.000203	0.000199	0.000085	-29180.568
45200	4	1111	0.000144	0.000119	0.000111	0.000071	-29178.278
45300	4	1111	0.000162	0.000137	0.000134	0.000070	-29181.255
45400	4	1111	0.000225	0.000202	0.000185	0.000104	-29175.833
45500	4	1111	0.000264	0.000243	0.000243	0.000143	-29177.017
45600	4	1111	0.000241	0.000234	0.000210	0.000128	-29177.407
45700	3	1110	0.000132	0.000125	0.000091	-29179.235
45800	4	1111	0.000209	0.000192	0.000169	0.000111	-29178.001
45900	4	1111	0.000218	0.000209	0.000186	0.000144	-29184.423
46000	4	1111	0.000225	0.000207	0.000205	0.000081	-29181.873
46100	4	1111	0.000352	0.000315	0.000282	0.000235	-29182.336
46200	4	1111	0.000180	0.000166	0.000165	0.000133	-29177.579
46300	4	1111	0.000294	0.000284	0.000280	0.000052	-29178.854
46400	4	1111	0.000193	0.000189	0.000110	0.000078	-29176.753
46500	4	1111	0.000326	0.000307	0.000274	0.000189	-29177.917
46600	4	1111	0.000202	0.000164	0.000153	0.000056	-29178.261
46700	4	1111	0.000175	0.000168	0.000164	0.000082	-29180.060
46800	4	1111	0.000288	0.000255	0.000241	0.000101	-29180.173
46900	4	1111	0.000222	0.000216	0.000171	0.000103	-29177.377
47000	4	1111	0.000248	0.000235	0.000232	0.000150	-29176.229
47100	4	1111	0.000366	0.000321	0.000227	0.000092	-29179.803
47200	4	1111	0.000141	0.000112	0.000109	0.000014	-29181.225
47300	4	1111	0.000270	0.000265	0.000214	0.000076	-29180.590
47400	4	1111	0.000204	0.000178	0.000158	0.000100	-29179.424
47500	4	1111	0.000264	0.000262	0.000239	0.000080	-29178.398
47600	4	1111	0.000208	0.000171	0.000169	0.000070	-29176.508
47700	4	1111	0.000214	0.000209	0.000186	0.000094	-29180.486
47800	4	1111	0.000209	0.000183	0.000178	0.000141	-29177.586
47900	4	1111	0.000316	0.000224	0.000194	0.000082	-29174.953
48000	4	1111	0.000233	0.000210	0.000203	0.000073	-29178.256
48100	4	1111	0.000211	0.000185	0.000176	0.000059	-29179.467
48200	4	1111	0.000227	0.000201	0.000174	0.000143	-29178.366
48300	4	1111	0.000200	0.000173	0.000165	0.000072	-29174.915
48400	4	1111	0.000170	0.000166	0.000150	0.000106	-29180.739
48500	4	1111	0.000179	0.000168	0.000146	0.000080	-29174.591
48600	4	1111	0.000256	0.000251	0.000243	0.000090	-29177.727
48700	4	1111	0.000304	0.000297	0.000291	0.000041	-29176.309
48800	4	1111	0.000204	0.000153	0.000150	0.000051	-29181.905
48900	4	1111	0.000300	0.000230	0.000175	0.000116	-29180.682
49000	4	1111	0.000248	0.000229	0.000139	0.000067	-29178.631
49100	4	1111	0.000179	0.000175	0.000142	0.000072	-29179.017
49200	4	1111	0.000171	0.000156	0.000131	0.000081	-29179.409
49300	4	1111	0.000246	0.000219	0.000205	0.000124	-29182.430
49400	4	1111	0.000172	0.000157	0.000157	0.000080	-29179.798
49500	4	1111	0.000139	0.000127	0.000126	0.000049	-29180.759
49600	3	1110	0.000164	0.000159	0.000157	-29182.020
49700	4	1111	0.000286	0.000268	0.000252	0.000087	-29182.429
49800	4	1111	0.000185	0.000158	0.000116	0.000067	-29173.474
49900	4	1111	0.000283	0.000250	0.000228	0.000123	-29181.715
50000	4	1111	0.000238	0.000215	0.000188	0.000106	-29180.368
50100	4	1111	0.000198	0.000184	0.000181	0.000083	-29180.851
50200	4	1111	0.000176	0.000135	0.000134	0.000072	-29177.842
50300	4	1111	0.000227	0.000198	0.000175	0.000107	-29176.774
50400	4	1111	0.000227	0.000203	0.000193	0.000092	-29181.781
50500	4	1111	0.000159	0.000150	0.000129	0.000073	-29174.958
50600	4	1111	0.000176	0.000167	0.000142	0.000073	-29176.524
50700	4	1111	0.000329	0.000302	0.000265	0.000108	-29181.725
50800	4	1111	0.000325	0.000309	0.000285	0.000221	-29179.381
50900	4	1111	0.000234	0.000179	0.000171	0.000060	-29179.638
51000	4	1111	0.000275	0.000237	0.000185	0.000079	-29178.260
51100	4	1111	0.000293	0.000186	0.000164	0.000125	-29180.768
51200	4	1111	0.000208	0.000201	0.000175	0.000120	-29176.938
51300	4	1111	0.000354	0.000318	0.000301	0.000201	-29180.092
51400	4	1111	0.000195	0.000165	0.000162	0.000072	-29176.360
51500	4	1111	0.000216	0.000185	0.000170	0.000030	-29175.192
51600	4	1111	0.000216	0.000119	0.000109	0.000050	-29178.579
51700	4	1111	0.000213	0.000152	0.000139	0.000088	-29178.514
51800	4	1111	0.000239	0.000229	0.000214	0.000172	-29176.946
51900	4	1111	0.000313	0.000280	0.000276	0.000126	-29177.305
52000	3	1110	0.000334	0.000294	0.000099	-29182.476
52100	4	1111	0.000231	0.000218	0.000191	0.000145	-29178.735
52200	4	1111	0.000312	0.000291	0.000288	0.000186	-29177.381
52300	4	1111	0.000285	0.000213	0.000207	0.000169	-29178.454
52400	4	1111	0.000351	0.000319	0.000314	0.000172	-29177.193
52500	3	1110	0.000327	0.000314	0.000279	-29170.782
52600	4	1111	0.000346	0.000337	0.000334	0.000058	-29181.617
52700	4	1111	0.000393	0.000339	0.000324	0.000233	-29183.842
52800	4	1111	0.000298	0.000259	0.000228	0.000196	-29177.204
52900	4	1111	0.000308	0.000301	0.000290	0.000220	-29178.731
53000	4	1111	0.000209	0.000172	0.000100	0.000046	-29176.526
53100	4	1111	0.000209	0.000201	0.000186	0.000061	-29180.486
53200	4	1111	0.000324	0.000309	0.000294	0.000084	-29177.599
53300	4	1111	0.000227	0.000193	0.000178	0.000057	-29177.937
53400	4	1111	0.000243	0.000227	0.000219	0.000037	-29180.751
53500	4	1111	0.000191	0.000173	0.000152	0.000067	-29177.317
53600	4	1111	0.000286	0.000273	0.000252	0.000157	-29180.603
53700	4	1111	0.000159	0.000132	0.000129	0.000044	-29177.291
53800	4	1111	0.000195	0.000169	0.000166	0.000112	-29173.739
53900	4	1111	0.000328	0.000310	0.000301	0.000158	-29172.849
54000	4	1111	0.000319	0.000311	0.000171	0.000075	-29180.840
54100	4	1111	0.000478	0.000471	0.000447	0.000185	-29186.059
54200	4	1111	0.000250	0.000214	0.000207	0.000053	-29176.734
54300	4	1111	0.000259	0.000253	0.000159	0.000058	-29173.836
54400	4	1111	0.000363	0.000225	0.000214	0.000100	-29179.834
54500	4	1111	0.000394	0.000369	0.000345	0.000236	-29177.958
54600	4	1111	0.000280	0.000206	0.000192	0.000099	-29174.426
54700	4	1111	0.000195	0.000173	0.000157	0.000104	-29181.200
54800	4	1111	0.000228	0.000200	0.000183	0.000087	-29183.593
54900	4	1111	0.000194	0.000156	0.000153	0.000095	-29175.524
55000	4	1111	0.000278	0.000266	0.000231	0.000166	-29178.720
55100	4	1111	0.000262	0.000228	0.000227	0.000085	-29178.950
55200	4	1111	0.000364	0.000358	0.000317	0.000185	-29175.678
55300	4	1111	0.000209	0.000185	0.000176	0.000100	-29176.942
55400	4	1111	0.000217	0.000202	0.000182	0.000084	-29180.594
55500	4	1111	0.000202	0.000196	0.000190	0.000119	-29180.776
55600	4	1111	0.000237	0.000215	0.000192	0.000150	-29173.136
55700	4	1111	0.000400	0.000378	0.000377	0.000160	-29180.367
55800	4	1111	0.000223	0.000207	0.000199	0.000144	-29180.867
55900	4	1111	0.000203	0.000198	0.000190	0.000157	-29179.148
56000	4	1111	0.000277	0.000256	0.000237	0.000191	-29175.294
56100	4	1111	0.000222	0.000198	0.000112	0.000063	-29175.979
56200	4	1111	0.000277	0.000270	0.000262	0.000127	-29177.473
56300	4	1111	0.000368	0.000271	0.000264	0.000175	-29177.835
56400	4	1111	0.000187	0.000169	0.000163	0.000079	-29177.628
56500	4	1111	0.000248	0.000232	0.000122	0.000087	-29178.883
56600	4	1111	0.000214	0.000207	0.000190	0.000166	-29179.970
56700	4	1111	0.000359	0.000340	0.000332	0.000175	-29179.229
56800	4	1111	0.000345	0.000330	0.000284	0.000143	-29174.583
56900	4	1111	0.000371	0.000351	0.000328	0.000119	-29174.477
57000	4	1111	0.000390	0.000380	0.000334	0.000161	-29172.926
57100	4	1111	0.000298	0.000259	0.000257	0.000195	-29180.722
57200	4	1111	0.000172	0.000149	0.000137	0.000122	-29180.431
57300	4	1111	0.000210	0.000188	0.000183	0.000048	-29179.555
57400	4	1111	0.000175	0.000139	0.000138	0.000080	-29179.156
57500	4	1111	0.000171	0.000157	0.000133	0.000081	-29180.331
57600	4	1111	0.000249	0.000228	0.000201	0.000151	-29177.961
57700	4	1111	0.000286	0.000263	0.000225	0.000160	-29177.374
57800	4	1111	0.000294	0.000211	0.000181	0.000143	-29180.752
57900	4	1111	0.000156	0.000150	0.000141	0.000043	-29178.803
58000	4	1111	0.000236	0.000198	0.000191	0.000062	-29177.659
58100	4	1111	0.000222	0.000169	0.000151	0.000112	-29175.260
58200	4	1111	0.000186	0.000170	0.000126	0.000079	-29176.245
58300	4	1111	0.000226	0.000222	0.000219	0.000111	-29176.388
58400	4	1111	0.000291	0.000271	0.000242	0.000059	-29175.593
58500	4	1111	0.000266	0.000218	0.000209	0.000107	-29180.869
58600	3	1110	0.000315	0.000256	0.000234	-29174.572
58700	4	1111	0.000228	0.000213	0.000204	0.000083	-29178.438
58800	4	1111	0.000234	0.000220	0.000209	0.000125	-29178.155
58900	4	1111	0.000312	0.000241	0.000238	0.000116	-29177.657
59000	4	1111	0.000213	0.000198	0.000180	0.000041	-29174.831
59100	4	1111	0.000320	0.000286	0.000231	0.000088	-29180.540
59200	4	1111	0.000368	0.000338	0.000241	0.000077	-29178.787
59300	4	1111	0.000261	0.000237	0.000213	0.000025	-29180.319
59400	4	1111	0.000228	0.000206	0.000127	0.000036	-29178.151
59500	4	1111	0.000158	0.000136	0.000124	0.000041	-29178.883
59600	4	1111	0.000334	0.000294	0.000293	0.000098	-29175.244
59700	4	1111	0.000407	0.000364	0.000348	0.000113	-29180.985
59800	4	1111	0.000210	0.000157	0.000150	0.000097	-29177.627
59900	3	1110	0.000317	0.000287	0.000220	-29177.549
60000	4	1111	0.000482	0.000394	0.000381	0.000004	-29179.410
60100	4	1111	0.000330	0.000285	0.000264	0.000064	-29180.367
60200	4	1111	0.000270	0.000251	0.000195	0.000117	-29171.203
60300	4	1111	0.000248	0.000209	0.000202	0.000065	-29173.666
60400	4	1111	0.000385	0.000312	0.000302	0.000103	-29177.703
60500	4	1111	0.000382	0.000364	0.000327	0.000007	-29174.930
60600	4	1111	0.000229	0.000213	0.000174	0.000080	-29179.594
60700	4	1111	0.000267	0.000199	0.000194	0.000090	-29175.623
60800	4	1111	0.000229	0.000204	0.000185	0.000130	-29177.178
60900	4	1111	0.000333	0.000315	0.000307	0.000069	-29179.466
61000	4	1111	0.000346	0.000329	0.000285	0.000200	-29180.170
61100	4	1111	0.000371	0.000358	0.000291	0.000148	-29177.641
61200	4	1111	0.000203	0.000138	0.000134	0.000096	-29178.277
61300	4	1111	0.000333	0.000305	0.000245	0.000095	-29176.135
61400	4	1111	0.000246	0.000209	0.000202	0.000109	-29176.069
61500	4	1111	0.000236	0.000215	0.000148	0.000111	-29177.266
61600	4	1111	0.000288	0.000270	0.000258	0.000075	-29174.538
61700	4	1111	0.000387	0.000383	0.000372	0.000148	-29179.269
61800	4	1111	0.000186	0.000152	0.000149	0.000110	-29178.464
61900	4	1111	0.000309	0.000271	0.000194	0.000152	-29179.626
62000	4	1111	0.000211	0.000186	0.000184	0.000124	-29177.394
62100	4	1111	0.000294	0.000256	0.000227	0.000120	-29174.234
62200	4	1111	0.000348	0.000343	0.000253	0.000150	-29174.055
62300	4	1111	0.000231	0.000161	0.000160	0.000120	-29177.796
62400	4	1111	0.000369	0.000319	0.000308	0.000263	-29173.167
62500	4	1111	0.000177	0.000158	0.000137	0.000013	-29178.078
62600	4	1111	0.000240	0.000226	0.000220	0.000104	-29181.162
62700	4	1111	0.000328	0.000244	0.000236	0.000185	-29180.978
62800	4	1111	0.000257	0.000230	0.000217	0.000176	-29183.157
62900	4	1111	0.000389	0.000333	0.000325	0.000166	-29181.191
63000	4	1111	0.000404	0.000383	0.000381	0.000253	-29178.334
63100	4	1111	0.000306	0.000289	0.000284	0.000233	-29182.109
63200	4	1111	0.000408	0.000404	0.000403	0.000159	-29176.206
63300	4	1111	0.000277	0.000263	0.000263	0.000145	-29179.388
63400	4	1111	0.000196	0.000175	0.000171	0.000096	-29177.460
63500	4	1111	0.000371	0.000351	0.000348	0.000112	-29178.136
63600	4	1111	0.000435	0.000405	0.000239	0.000141	-29175.731
63700	4	1111	0.000758	0.000438	0.000419	0.000255	-29177.893
63800	4	1111	0.000364	0.000341	0.000336	0.000280	-29182.588
63900	4	1111	0.000389	0.000383	0.000354	0.000252	-29184.813
64000	4	1111	0.000203	0.000179	0.000175	0.000145	-29180.793
64100	4	1111	0.000317	0.000289	0.000264	0.000219	-29178.607
64200	4	1111	0.000388	0.000372	0.000362	0.000255	-29184.316
64300	4	1111	0.000266	0.000190	0.000184	0.000105	-29179.978
64400	4	1111	0.000301	0.000285	0.000258	0.000173	-29180.627
64500	4	1111	0.000316	0.000273	0.000257	0.000160	-29180.802
64600	4	1111	0.000359	0.000309	0.000226	0.000110	-29176.418
64700	4	1111	0.000494	0.000417	0.000411	0.000228	-29174.439
64800	4	1111	0.000379	0.000326	0.000316	0.000258	-29181.381
64900	4	1111	0.000314	0.000201	0.000198	0.000123	-29179.667
65000	4	1111	0.000321	0.000247	0.000239	0.000166	-29176.053
65100	4	1111	0.000144	0.000116	0.000114	0.000095	-29179.930
65200	4	1111	0.000303	0.000262	0.000193	0.000162	-29176.680
65300	4	1111	0.000259	0.000243	0.000237	0.000140	-29177.350
65400	4	1111	0.000446	0.000438	0.000367	0.000166	-29181.668
65500	4	1111	0.000186	0.000173	0.000166	0.000146	-29178.342
65600	4	1111	0.000261	0.000220	0.000194	0.000151	-29178.734
65700	4	1111	0.000226	0.000219	0.000183	0.000157	-29180.150
65800	4	1111	0.000264	0.000182	0.000167	0.000143	-29183.235
65900	4	1111	0.000409	0.000339	0.000338	0.000147	-29178.079
66000	4	1111	0.000333	0.000330	0.000309	0.000143	-29176.508
66100	4	1111	0.000337	0.000309	0.000309	0.000203	-29178.861
66200	4	1111	0.000221	0.000157	0.000148	0.000073	-29173.252
66300	4	1111	0.000265	0.000241	0.000233	0.000088	-29179.178
66400	4	1111	0.000356	0.000328	0.000277	0.000214	-29180.018
66500	4	1111	0.000153	0.000109	0.000104	0.000069	-29179.186
66600	4	1111	0.000257	0.000199	0.000169	0.000121	-29180.443
66700	4	1111	0.000146	0.000115	0.000112	0.000077	-29182.722
66800	4	1111	0.000174	0.000156	0.000148	0.000022	-29176.345
66900	4	1111	0.000333	0.000319	0.000307	0.000141	-29178.758
67000	4	1111	0.000332	0.000215	0.000203	0.000146	-29175.760
67100	4	1111	0.000280	0.000251	0.000245	0.000025	-29177.911
67200	4	1111	0.000215	0.000206	0.000189	0.000108	-29181.553
67300	4	1111	0.000335	0.000283	0.000225	0.000128	-29178.754
67400	4	1111	0.000226	0.000209	0.000189	0.000039	-29177.064
67500	4	1111	0.000216	0.000201	0.000196	0.000115	-29180.549
67600	4	1111	0.000283	0.000278	0.000216	0.000049	-29178.963
67700	4	1111	0.000281	0.000180	0.000139	0.000075	-29178.606
67800	4	1111	0.000258	0.000211	0.000127	0.000095	-29175.157
67900	4	1111	0.000265	0.000219	0.000215	0.000080	-29178.430
68000	4	1111	0.000129	0.000126	0.000105	0.000062	-29177.397
68100	4	1111	0.000287	0.000253	0.000252	0.000066	-29179.550
68200	4	1111	0.000217	0.000197	0.000187	0.000040	-29178.449
68300	4	1111	0.000229	0.000194	0.000160	0.000083	-29178.518
68400	4	1111	0.000258	0.000237	0.000226	0.000104	-29181.607
68500	4	1111	0.000296	0.000247	0.000211	0.000142	-29176.806
68600	4	1111	0.000240	0.000209	0.000199	0.000120	-29176.609
68700	4	1111	0.000304	0.000181	0.000171	0.000106	-29177.743
68800	4	1111	0.000270	0.000255	0.000219	0.000077	-29180.695
68900	4	1111	0.000222	0.000180	0.000117	0.000087	-29177.659
69000	4	1111	0.000183	0.000155	0.000120	0.000025	-29178.343
69100	4	1111	0.000201	0.000142	0.000134	0.000052	-29177.455
69200	4	1111	0.000364	0.000360	0.000359	0.000035	-29180.892
69300	4	1111	0.000233	0.000127	0.000120	0.000061	-29174.637
69400	4	1111	0.000283	0.000268	0.000249	0.000117	-29181.354
69500	4	1111	0.000367	0.000238	0.000238	0.000134	-29182.751
69600	4	1111	0.000314	0.000289	0.000278	0.000155	-29182.106
69700	4	1111	0.000209	0.000205	0.000172	0.000078	-29178.904
69800	4	1111	0.000284	0.000270	0.000238	0.000070	-29183.071
69900	4	1111	0.000238	0.000199	0.000183	0.000067	-29181.559
70000	4	1111	0.000251	0.000128	0.000125	0.000062	-29179.037
70100	4	1111	0.000178	0.000169	0.000167	0.000104	-29185.941
70200	4	1111	0.000252	0.000196	0.000190	0.000120	-29178.430
70300	4	1111	0.000214	0.000160	0.000146	0.000044	-29175.994
70400	4	1111	0.000186	0.000126	0.000121	0.000040	-29176.754
70500	4	1111	0.000317	0.000172	0.000152	0.000105	-29177.252
70600	4	1111	0.000148	0.000125	0.000095	0.000037	-29177.872
70700	4	1111	0.000148	0.000131	0.000115	0.000071	-29180.748
70800	4	1111	0.000285	0.000262	0.000260	0.000105	-29180.587
70900	4	1111	0.000218	0.000196	0.000194	0.000078	-29173.482
71000	4	1111	0.000246	0.000232	0.000231	0.000118	-29173.158
71100	3	1110	0.000326	0.000291	0.000289	-29176.105
71200	4	1111	0.000182	0.000176	0.000169	0.000062	-29176.105
71300	4	1111	0.000281	0.000241	0.000219	0.000072	-29178.576
71400	4	1111	0.000223	0.000155	0.000149	0.000021	-29173.523
71500	4	1111	0.000219	0.000191	0.000190	0.000124	-29181.819
71600	4	1111	0.000200	0.000176	0.000161	0.000112	-29183.509
71700	4	1111	0.000208	0.000201	0.000185	0.000068	-29178.310
71800	4	1111	0.000232	0.000231	0.000220	0.000151	-29183.550
71900	4	1111	0.000339	0.000334	0.000295	0.000125	-29175.370
72000	4	1111	0.000286	0.000270	0.000237	0.000119	-29182.327
72100	4	1111	0.000267	0.000250	0.000241	0.000091	-29184.156
72200	4	1111	0.000255	0.000190	0.000184	0.000115	-29178.543
72300	4	1111	0.000244	0.000232	0.000222	0.000122	-29180.603
72400	4	1111	0.000192	0.000167	0.000165	0.000025	-29179.551
72500	4	1111	0.000183	0.000162	0.000156	0.000096	-29181.869
72600	4	1111	0.000159	0.000141	0.000126	0.000049	-29178.148
72700	4	1111	0.000166	0.000153	0.000148	0.000063	-29179.709
72800	4	1111	0.000126	0.000090	0.000089	0.000027	-29178.709
72900	4	1111	0.000184	0.000161	0.000141	0.000066	-29175.476
73000	4	1111	0.000165	0.000146	0.000119	0.000082	-29181.800
73100	4	1111	0.000156	0.000142	0.000136	0.000088	-29182.706
73200	3	1110	0.000275	0.000253	0.000233	-29177.751
73300	4	1111	0.000190	0.000140	0.000110	0.000033	-29180.450
73400	4	1111	0.000152	0.000144	0.000127	0.000045	-29176.905
73500	4	1111	0.000194	0.000162	0.000140	0.000041	-29177.928
73600	4	1111	0.000211	0.000197	0.000180	0.000085	-29177.373
73700	4	1111	0.000254	0.000252	0.000212	0.000186	-29176.455
73800	4	1111	0.000326	0.000266	0.000244	0.000089	-29179.441
73900	4	1111	0.000158	0.000152	0.000147	0.000046	-29182.167
74000	4	1111	0.000250	0.000185	0.000182	0.000069	-29178.391
74100	4	1111	0.000329	0.000223	0.000212	0.000108	-29180.751
74200	4	1111	0.000296	0.000241	0.000233	0.000047	-29173.604
74300	4	1111	0.000208	0.000195	0.000187	0.000071	-29183.920
74400	4	1111	0.000271	0.000241	0.000236	0.000045	-29176.265
74500	4	1111	0.000398	0.000387	0.000264	0.000135	-29180.269
74600	4	1111	0.000439	0.000342	0.000330	0.000104	-29176.890
74700	4	1111	0.000278	0.000240	0.000236	0.000137	-29179.809
74800	4	1111	0.000331	0.000308	0.000288	0.000134	-29181.282
74900	4	1111	0.000189	0.000176	0.000139	0.000070	-29178.558
75000	4	1111	0.000341	0.000297	0.000290	0.000103	-29177.482
75100	4	1111	0.000327	0.000307	0.000305	0.000067	-29177.630
75200	4	1111	0.000174	0.000165	0.000161	0.000063	-29180.314
75300	4	1111	0.000169	0.000150	0.000144	0.000126	-29185.569
75400	4	1111	0.000318	0.000279	0.000253	0.000088	-29177.858
75500	4	1111	0.000206	0.000183	0.000168	0.000089	-29176.666
75600	4	1111	0.000345	0.000271	0.000247	0.000132	-29181.744
75700	4	1111	0.000306	0.000295	0.000278	0.000100	-29179.241
75800	3	1110	0.000300	0.000266	0.000258	-29181.545
75900	4	1111	0.000270	0.000249	0.000219	0.000105	-29180.867
76000	4	1111	0.000314	0.000301	0.000261	0.000130	-29179.269
76100	4	1111	0.000235	0.000217	0.000217	0.000192	-29183.817
76200	4	1111	0.000280	0.000261	0.000250	0.000099	-29179.902
76300	4	1111	0.000266	0.000233	0.000194	0.000127	-29179.371
76400	4	1111	0.000247	0.000238	0.000231	0.000113	-29184.454
76500	4	1111	0.000298	0.000222	0.000205	0.000027	-29183.089
76600	4	1111	0.000296	0.000286	0.000271	0.000166	-29179.600
76700	4	1111	0.000267	0.000240	0.000222	0.000109	-29183.651
76800	4	1111	0.000251	0.000208	0.000198	0.000074	-29177.668
76900	4	1111	0.000348	0.000348	0.000338	0.000143	-29181.374
77000	4	1111	0.000232	0.000180	0.000174	0.000065	-29177.502
77100	4	1111	0.000250	0.000219	0.000202	0.000107	-29181.659
77200	4	1111	0.000350	0.000327	0.000311	0.000106	-29181.171
77300	4	1111	0.000233	0.000223	0.000220	0.000120	-29181.692
77400	4	1111	0.000357	0.000341	0.000329	0.000241	-29186.705
77500	4	1111	0.000294	0.000277	0.000222	0.000160	-29174.560
77600	4	1111	0.000371	0.000251	0.000198	0.000152	-29179.091
77700	4	1111	0.000344	0.000237	0.000215	0.000114	-29180.308
77800	4	1111	0.000175	0.000149	0.000146	0.000086	-29182.116
77900	4	1111	0.000238	0.000226	0.000221	0.000106	-29180.451
78000	4	1111	0.000328	0.000273	0.000270	0.000154	-29178.418
78100	4	1111	0.000176	0.000160	0.000158	0.000027	-29180.800
78200	4	1111	0.000256	0.000207	0.000205	0.000108	-29177.454
78300	4	1111	0.000174	0.000167	0.000160	0.000091	-29184.354
78400	4	1111	0.000262	0.000218	0.000169	0.000045	-29178.231
78500	4	1111	0.000209	0.000197	0.000195	0.000039	-29180.842
78600	4	1111	0.000301	0.000294	0.000275	0.000120	-29181.198
78700	4	1111	0.000185	0.000166	0.000163	0.000063	-29179.224
78800	4	1111	0.000305	0.000300	0.000189	0.000096	-29180.441
78900	4	1111	0.000290	0.000276	0.000252	0.000109	-29181.108
79000	4	1111	0.000385	0.000378	0.000356	0.000090	-29178.789
79100	4	1111	0.000297	0.000291	0.000279	0.000196	-29180.031
79200	4	1111	0.000220	0.000210	0.000204	0.000120	-29178.765
79300	4	1111	0.000334	0.000330	0.000325	0.000094	-29182.437
79400	4	1111	0.000253	0.000228	0.000225	0.000043	-29179.635
79500	4	1111	0.000246	0.000240	0.000236	0.000080	-29185.005
79600	3	1110	0.000168	0.000159	0.000126	-29177.133
79700	4	1111	0.000164	0.000159	0.000157	0.000052	-29182.634
79800	4	1111	0.000168	0.000161	0.000160	0.000099	-29184.178
79900	4	1111	0.000180	0.000125	0.000124	0.000049	-29181.566
80000	4	1111	0.000362	0.000239	0.000237	0.000154	-29177.769
80100	4	1111	0.000351	0.000332	0.000324	0.000109	-29177.402
80200	4	1111	0.000377	0.000345	0.000332	0.000036	-29180.191
80300	3	1110	0.000234	0.000176	0.000176	-29176.025
80400	4	1111	0.000222	0.000184	0.000171	0.000049	-29180.117
80500	4	1111	0.000218	0.000191	0.000149	0.000004	-29176.933
80600	4	1111	0.000179	0.000173	0.000169	0.000070	-29180.525
80700	4	1111	0.000174	0.000167	0.000129	0.000109	-29181.368
80800	4	1111	0.000188	0.000170	0.000168	0.000045	-29182.529
80900	4	1111	0.000229	0.000217	0.000206	0.000072	-29181.882
81000	4	1111	0.000249	0.000240	0.000179	0.000067	-29177.180
81100	4	1111	0.000206	0.000186	0.000182	0.000067	-29181.044
81200	4	1111	0.000247	0.000236	0.000231	0.000161	-29180.110
81300	4	1111	0.000205	0.000199	0.000199	0.000107	-29178.655
81400	4	1111	0.000179	0.000166	0.000160	0.000113	-29181.799
81500	4	1111	0.000489	0.000477	0.000470	0.000187	-29182.602
81600	4	1111	0.000209	0.000185	0.000160	0.000111	-29181.840
81700	4	1111	0.000233	0.000215	0.000194	0.000044	-29183.616
81800	4	1111	0.000208	0.000200	0.000194	0.000148	-29177.487
81900	4	1111	0.000217	0.000208	0.000200	0.000142	-29181.351
82000	4	1111	0.000206	0.000187	0.000184	0.000123	-29181.354
82100	4	1111	0.000268	0.000265	0.000247	0.000082	-29180.253
82200	4	1111	0.000139	0.000110	0.000107	0.000057	-29185.765
82300	4	1111	0.000270	0.000256	0.000227	0.000129	-29182.786
82400	4	1111	0.000166	0.000160	0.000156	0.000068	-29181.619
82500	4	1111	0.000409	0.000346	0.000334	0.000117	-29182.669
82600	4	1111	0.000248	0.000231	0.000225	0.000048	-29181.923
82700	4	1111	0.000377	0.000340	0.000303	0.000055	-29178.113
82800	4	1111	0.000358	0.000342	0.000268	0.000148	-29180.427
82900	4	1111	0.000403	0.000341	0.000283	0.000138	-29182.708
83000	4	1111	0.000251	0.000236	0.000201	0.000032	-29178.368
83100	4	1111	0.000191	0.000166	0.000160	0.000047	-29180.949
83200	4	1111	0.000302	0.000284	0.000223	0.000146	-29179.567
83300	4	1111	0.000195	0.000171	0.000105	0.000022	-29184.266
83400	4	1111	0.000281	0.000267	0.000254	0.000124	-29186.708
83500	4	1111	0.000324	0.000302	0.000296	0.000215	-29181.834
83600	4	1111	0.000377	0.000363	0.000357	0.000073	-29178.590
83700	4	1111	0.000199	0.000194	0.000194	0.000080	-29179.601
83800	4	1111	0.000448	0.000385	0.000349	0.000090	-29181.870
83900	4	1111	0.000325	0.000284	0.000268	0.000138	-29181.368
84000	4	1111	0.000296	0.000289	0.000257	0.000056	-29182.370
84100	4	1111	0.000307	0.000279	0.000274	0.000255	-29185.156
84200	4	1111	0.000333	0.000292	0.000278	0.000246	-29180.917
84300	4	1111	0.000274	0.000222	0.000212	0.000159	-29178.967
84400	4	1111	0.000313	0.000275	0.000253	0.000090	-29179.171
84500	4	1111	0.000218	0.000200	0.000190	0.000084	-29183.561
84600	4	1111	0.000252	0.000188	0.000175	0.000102	-29181.291
84700	4	1111	0.000219	0.000199	0.000191	0.000020	-29176.780
84800	4	1111	0.000331	0.000280	0.000231	0.000045	-29182.616
84900	4	1111	0.000356	0.000340	0.000336	0.000254	-29180.598
85000	4	1111	0.000243	0.000221	0.000218	0.000030	-29182.279
85100	4	1111	0.000311	0.000273	0.000266	0.000067	-29181.702
85200	4	1111	0.000360	0.000353	0.000314	0.000136	-29180.465
85300	4	1111	0.000238	0.000233	0.000230	0.000153	-29177.797
85400	4	1111	0.000223	0.000209	0.000195	0.000112	-29176.448
85500	4	1111	0.000546	0.000534	0.000484	0.000117	-29181.215
85600	4	1111	0.000317	0.000304	0.000300	0.000103	-29177.145
85700	4	1111	0.000245	0.000229	0.000219	0.000122	-29179.929
85800	4	1111	0.000217	0.000195	0.000193	0.000172	-29185.596
85900	4	1111	0.000236	0.000210	0.000207	0.000195	-29177.538
86000	4	1111	0.000388	0.000280	0.000275	0.000245	-29182.837
86100	4	1111	0.000268	0.000258	0.000222	0.000074	-29183.325
86200	4	1111	0.000303	0.000296	0.000286	0.000118	-29187.380
86300	4	1111	0.000301	0.000290	0.000279	0.000162	-29183.537
86400	4	1111	0.000197	0.000169	0.000106	0.000088	-29184.217
86500	4	1111	0.000253	0.000216	0.000209	0.000159	-29179.901
86600	4	1111	0.000326	0.000228	0.000203	0.000087	-29183.113
86700	4	1111	0.000263	0.000227	0.000221	0.000151	-29181.823
86800	4	1111	0.000309	0.000294	0.000276	0.000129	-29180.297
86900	4	1111	0.000336	0.000253	0.000237	0.000187	-29181.612
87000	4	1111	0.000267	0.000256	0.000234	0.000160	-29185.959
87100	4	1111	0.000199	0.000179	0.000137	0.000127	-29182.595
87200	4	1111	0.000192	0.000167	0.000142	0.000101	-29184.179
87300	4	1111	0.000231	0.000211	0.000187	0.000126	-29179.935
87400	4	1111	0.000296	0.000268	0.000261	0.000117	-29179.153
87500	4	1111	0.000377	0.000361	0.000258	0.000186	-29180.960
87600	4	1111	0.000287	0.000281	0.000265	0.000169	-29185.468
87700	4	1111	0.000651	0.000436	0.000431	0.000242	-29183.143
87800	4	1111	0.000468	0.000425	0.000399	0.000242	-29175.248
87900	4	1111	0.000402	0.000380	0.000372	0.000139	-29178.632
88000	4	1111	0.000344	0.000336	0.000335	0.000285	-29180.804
88100	4	1111	0.000493	0.000488	0.000469	0.000366	-29183.029
88200	4	1111	0.000357	0.000314	0.000311	0.000212	-29184.827
88300	4	1111	0.000395	0.000292	0.000201	0.000131	-29179.618
88400	4	1111	0.000319	0.000293	0.000275	0.000088	-29179.340
88500	4	1111	0.000448	0.000352	0.000344	0.000067	-29177.735
88600	4	1111	0.000431	0.000369	0.000366	0.000094	-29182.678
88700	4	1111	0.000195	0.000192	0.000180	0.000073	-29179.041
88800	4	1111	0.000340	0.000285	0.000281	0.000079	-29176.813
88900	4	1111	0.000465	0.000463	0.000446	0.000164	-29181.484
89000	4	1111	0.000522	0.000514	0.000489	0.000266	-29180.939
89100	4	1111	0.000471	0.000455	0.000417	0.000317	-29181.487
89200	4	1111	0.000256	0.000185	0.000175	0.000139	-29184.199
89300	4	1111	0.000247	0.000208	0.000205	0.000153	-29187.192
89400	4	1111	0.000216	0.000185	0.000149	0.000076	-29181.371
89500	4	1111	0.000265	0.000241	0.000214	0.000091	-29182.354
89600	4	1111	0.000312	0.000195	0.000180	0.000090	-29179.979
89700	4	1111	0.000341	0.000334	0.000332	0.000161	-29181.270
89800	4	1111	0.000312	0.000191	0.000187	0.000126	-29183.146
89900	4	1111	0.000197	0.000172	0.000170	0.000051	-29183.611
90000	4	1111	0.000251	0.000203	0.000202	0.000044	-29182.583
90100	4	1111	0.000283	0.000263	0.000180	0.000072	-29183.204
90200	4	1111	0.000301	0.000207	0.000196	0.000159	-29183.109
90300	4	1111	0.000229	0.000222	0.000222	0.000141	-29183.926
90400	4	1111	0.000304	0.000239	0.000227	0.000155	-29184.749
90500	4	1111	0.000242	0.000212	0.000152	0.000048	-29183.688
90600	4	1111	0.000228	0.000224	0.000204	0.000102	-29184.226
90700	4	1111	0.000332	0.000288	0.000272	0.000072	-29177.529
90800	4	1111	0.000164	0.000125	0.000117	0.000053	-29182.024
90900	4	1111	0.000185	0.000158	0.000126	0.000067	-29185.175
91000	4	1111	0.000265	0.000231	0.000226	0.000101	-29185.559
91100	4	1111	0.000195	0.000187	0.000171	0.000112	-29179.635
91200	4	1111	0.000218	0.000202	0.000197	0.000039	-29185.191
91300	4	1111	0.000201	0.000182	0.000173	0.000078	-29183.199
91400	4	1111	0.000239	0.000221	0.000218	0.000034	-29183.310
91500	4	1111	0.000251	0.000223	0.000202	0.000142	-29180.596
91600	4	1111	0.000305	0.000299	0.000236	0.000162	-29181.804
91700	4	1111	0.000252	0.000231	0.000216	0.000155	-29184.678
91800	4	1111	0.000321	0.000273	0.000254	0.000231	-29183.340
91900	4	1111	0.000249	0.000202	0.000194	0.000135	-29184.653
92000	4	1111	0.000242	0.000208	0.000184	0.000122	-29181.330
92100	4	1111	0.000286	0.000259	0.000247	0.000197	-29182.358
92200	4	1111	0.000296	0.000285	0.000265	0.000094	-29182.314
92300	4	1111	0.000402	0.000356	0.000324	0.000147	-29181.390
92400	4	1111	0.000212	0.000206	0.000198	0.000072	-29185.944
92500	4	1111	0.000240	0.000212	0.000202	0.000063	-29181.569
92600	4	1111	0.000296	0.000212	0.000205	0.000026	-29182.125
92700	4	1111	0.000341	0.000298	0.000287	0.000121	-29178.956
92800	4	1111	0.000307	0.000296	0.000273	0.000061	-29177.761
92900	4	1111	0.000385	0.000224	0.000141	0.000106	-29177.402
93000	4	1111	0.000291	0.000277	0.000270	0.000066	-29180.264
93100	4	1111	0.000614	0.000593	0.000286	0.000116	-29178.301
93200	4	1111	0.000476	0.000462	0.000456	0.000200	-29185.196
93300	4	1111	0.000235	0.000229	0.000223	0.000118	-29178.295
93400	4	1111	0.000284	0.000184	0.000156	0.000071	-29184.499
93500	4	1111	0.000314	0.000222	0.000209	0.000115	-29179.270
93600	4	1111	0.000312	0.000301	0.000300	0.000123	-29178.737
93700	4	1111	0.000310	0.000286	0.000286	0.000092	-29184.618
93800	4	1111	0.000243	0.000144	0.000122	0.000109	-29178.329
93900	4	1111	0.000400	0.000294	0.000287	0.000168	-29181.113
94000	4	1111	0.000218	0.000181	0.000148	0.000070	-29181.750
94100	4	1111	0.000240	0.000218	0.000217	0.000103	-29177.719
94200	4	1111	0.000179	0.000155	0.000148	0.000053	-29176.918
94300	4	1111	0.000165	0.000122	0.000082	0.000073	-29181.942
94400	4	1111	0.000222	0.000211	0.000207	0.000154	-29178.033
94500	4	1111	0.000293	0.000287	0.000273	0.000180	-29185.229
94600	4	1111	0.000304	0.000286	0.000266	0.000157	-29182.230
94700	4	1111	0.000400	0.000382	0.000380	0.000235	-29176.850
94800	4	1111	0.000328	0.000312	0.000258	0.000247	-29182.175
94900	4	1111	0.000244	0.000178	0.000155	0.000140	-29180.764
95000	4	1111	0.000428	0.000277	0.000216	0.000161	-29181.866
95100	4	1111	0.000347	0.000261	0.000244	0.000107	-29179.119
95200	4	1111	0.000342	0.000328	0.000311	0.000238	-29184.129
95300	4	1111	0.000387	0.000363	0.000360	0.000133	-29177.389
95400	4	1111	0.000157	0.000104	0.000099	0.000056	-29184.021
95500	4	1111	0.000298	0.000275	0.000235	0.000153	-29183.880
95600	4	1111	0.000351	0.000298	0.000265	0.000098	-29176.574
95700	4	1111	0.000340	0.000250	0.000205	0.000098	-29176.840
95800	4	1111	0.000372	0.000295	0.000287	0.000190	-29186.967
95900	4	1111	0.000259	0.000252	0.000216	0.000191	-29181.726
96000	4	1111	0.000275	0.000215	0.000213	0.000091	-29182.440
96100	4	1111	0.000388	0.000359	0.000355	0.000193	-29182.122
96200	4	1111	0.000454	0.000318	0.000300	0.000112	-29180.178
96300	4	1111	0.000396	0.000201	0.000197	0.000071	-29178.577
96400	4	1111	0.000378	0.000324	0.000269	0.000065	-29174.664
96500	4	1111	0.000330	0.000256	0.000253	0.000090	-29178.576
96600	4	1111	0.000207	0.000176	0.000150	0.000053	-29179.512
96700	4	1111	0.000281	0.000222	0.000215	0.000084	-29180.304
96800	4	1111	0.000217	0.000197	0.000188	0.000079	-29180.065
96900	4	1111	0.000188	0.000171	0.000144	0.000104	-29180.164
97000	4	1111	0.000205	0.000185	0.000157	0.000064	-29176.163
97100	4	1111	0.000221	0.000189	0.000148	0.000092	-29177.370
97200	4	1111	0.000310	0.000302	0.000130	0.000093	-29181.156
97300	4	1111	0.000189	0.000172	0.000168	0.000106	-29185.981
97400	4	1111	0.000192	0.000171	0.000112	0.000072	-29177.650
97500	4	1111	0.000242	0.000170	0.000166	0.000077	-29174.364
97600	4	1111	0.000248	0.000237	0.000236	0.000093	-29182.318
97700	4	1111	0.000266	0.000224	0.000203	0.000083	-29177.027
97800	4	1111	0.000150	0.000143	0.000120	0.000055	-29174.986
97900	4	1111	0.000191	0.000150	0.000131	0.000068	-29179.362
98000	4	1111	0.000285	0.000261	0.000228	0.000084	-29177.194
98100	4	1111	0.000269	0.000199	0.000182	0.000047	-29177.597
98200	4	1111	0.000171	0.000168	0.000143	0.000113	-29180.596
98300	4	1111	0.000231	0.000199	0.000189	0.000060	-29177.406
98400	4	1111	0.000168	0.000140	0.000133	0.000046	-29178.196
98500	4	1111	0.000135	0.000124	0.000114	0.000029	-29184.690
98600	4	1111	0.000148	0.000132	0.000111	0.000057	-29183.094
98700	4	1111	0.000200	0.000173	0.000155	0.000137	-29179.378
98800	4	1111	0.000199	0.000155	0.000153	0.000079	-29179.255
98900	4	1111	0.000254	0.000245	0.000229	0.000118	-29178.993
99000	4	1111	0.000206	0.000181	0.000172	0.000101	-29175.626
99100	4	1111	0.000312	0.000291	0.000270	0.000080	-29181.413
99200	4	1111	0.000226	0.000137	0.000132	0.000031	-29173.079
99300	4	1111	0.000120	0.000099	0.000092	0.000067	-29180.344
99400	4	1111	0.000272	0.000242	0.000235	0.000136	-29179.942
99500	4	1111	0.000180	0.000161	0.000157	0.000056	-29179.587
99600	4	1111	0.000233	0.000223	0.000213	0.000080	-29183.626
99700	4	1111	0.000169	0.000152	0.000135	0.000052	-29180.833
99800	4	1111	0.000237	0.000195	0.000195	0.000072	-29178.024
99900	4	1111	0.000236	0.000211	0.000204	0.000084	-29184.078
100000	4	1111	0.000452	0.000425	0.000279	0.000172	-29180.394
