Gen	np	tree	tau_6S1.1S1.4S2.2S3.3S3.5	lnL
100	4	1111	0.000001	0.000001	0.000001	0.000000	-11975.390
200	2	1010	0.000001	0.000001	-11969.571
300	2	1010	0.000001	0.000000	-11971.125
400	4	1111	0.000001	0.000001	0.000001	0.000001	-11971.785
500	1	1000	0.000001	-11970.876
600	4	1111	0.000001	0.000001	0.000001	0.000000	-11968.965
700	3	1110	0.000002	0.000000	0.000001	-11972.461
800	2	1100	0.000002	0.000000	-11969.811
900	4	1111	0.000002	0.000001	0.000002	0.000001	-11972.747
1000	2	1100	0.000002	0.000002	-11971.634
1100	3	1011	0.000002	0.000001	0.000001	-11972.435
1200	4	1111	0.000002	0.000001	0.000001	0.000001	-11969.744
1300	3	1011	0.000002	0.000001	0.000000	-11972.665
1400	3	1011	0.000001	0.000001	0.000001	-11970.728
1500	1	1000	0.000001	-11971.614
1600	3	1110	0.000001	0.000000	0.000001	-11969.265
1700	3	1011	0.000001	0.000001	0.000000	-11973.398
1800	4	1111	0.000001	0.000001	0.000001	0.000000	-11969.819
1900	2	1100	0.000001	0.000001	-11968.639
2000	3	1110	0.000001	0.000001	0.000000	-11971.868
2100	3	1110	0.000001	0.000001	0.000001	-11970.301
2200	3	1110	0.000001	0.000001	0.000001	-11971.614
2300	2	1010	0.000001	0.000001	-11977.563
2400	1	1000	0.000001	-11978.414
2500	3	1110	0.000001	0.000000	0.000001	-11973.951
2600	2	1100	0.000001	0.000001	-11969.758
2700	4	1111	0.000001	0.000000	0.000001	0.000001	-11970.643
2800	3	1110	0.000001	0.000001	0.000001	-11971.293
2900	2	1010	0.000001	0.000001	-11969.379
3000	2	1100	0.000001	0.000001	-11970.228
3100	3	1011	0.000001	0.000001	0.000001	-11971.521
3200	3	1110	0.000001	0.000001	0.000000	-11971.344
3300	3	1011	0.000001	0.000001	0.000000	-11971.645
3400	3	1110	0.000001	0.000000	0.000001	-11971.350
3500	4	1111	0.000001	0.000001	0.000001	0.000001	-11972.368
3600	2	1100	0.000001	0.000000	-11972.985
3700	3	1011	0.000001	0.000001	0.000000	-11972.323
3800	1	1000	0.000001	-11971.032
3900	3	1110	0.000001	0.000000	0.000001	-11970.078
4000	3	1011	0.000001	0.000001	0.000000	-11972.969
4100	3	1110	0.000001	0.000000	0.000001	-11975.529
4200	3	1110	0.000001	0.000000	0.000001	-11972.789
4300	2	1100	0.000001	0.000000	-11971.050
4400	3	1011	0.000001	0.000001	0.000000	-11970.132
4500	3	1110	0.000001	0.000000	0.000000	-11973.404
4600	4	1111	0.000001	0.000000	0.000001	0.000000	-11971.664
4700	1	1000	0.000001	-11970.968
4800	3	1011	0.000001	0.000001	0.000001	-11974.208
4900	4	1111	0.000001	0.000000	0.000001	0.000000	-11973.207
5000	2	1010	0.000001	0.000001	-11971.395
5100	2	1100	0.000001	0.000000	-11973.910
5200	3	1110	0.000001	0.000000	0.000000	-11971.246
5300	3	1011	0.000001	0.000001	0.000000	-11974.418
5400	4	1111	0.000001	0.000001	0.000000	0.000000	-11970.714
5500	2	1010	0.000001	0.000000	-11972.592
5600	2	1100	0.000001	0.000000	-11969.327
5700	3	1011	0.000001	0.000001	0.000000	-11969.836
5800	4	1111	0.000002	0.000001	0.000002	0.000000	-11968.954
5900	2	1100	0.000002	0.000001	-11970.453
6000	2	1100	0.000002	0.000001	-11974.868
6100	2	1010	0.000001	0.000001	-11979.004
6200	3	1110	0.000002	0.000000	0.000001	-11972.699
6300	4	1111	0.000001	0.000000	0.000001	0.000001	-11970.350
6400	3	1011	0.000001	0.000001	0.000000	-11970.087
6500	4	1111	0.000001	0.000001	0.000001	0.000000	-11970.163
6600	4	1111	0.000001	0.000000	0.000001	0.000000	-11970.857
6700	2	1100	0.000001	0.000001	-11973.711
6800	3	1110	0.000001	0.000001	0.000001	-11968.971
6900	3	1110	0.000001	0.000001	0.000000	-11972.132
7000	3	1110	0.000001	0.000001	0.000001	-11972.042
7100	3	1011	0.000001	0.000001	0.000001	-11974.097
7200	1	1000	0.000001	-11968.494
7300	3	1110	0.000002	0.000001	0.000001	-11971.108
7400	3	1110	0.000002	0.000001	0.000000	-11977.024
7500	3	1110	0.000002	0.000000	0.000001	-11973.103
7600	2	1010	0.000001	0.000001	-11971.240
7700	2	1010	0.000001	0.000001	-11976.139
7800	2	1100	0.000001	0.000001	-11973.593
7900	1	1000	0.000002	-11977.645
8000	2	1010	0.000002	0.000000	-11969.735
8100	2	1100	0.000002	0.000001	-11975.856
8200	4	1111	0.000002	0.000001	0.000001	0.000001	-11973.110
8300	3	1011	0.000002	0.000001	0.000000	-11971.435
8400	3	1110	0.000002	0.000001	0.000001	-11970.037
8500	3	1011	0.000002	0.000001	0.000001	-11970.063
8600	3	1110	0.000002	0.000000	0.000001	-11972.119
8700	2	1010	0.000002	0.000001	-11973.280
8800	3	1110	0.000002	0.000001	0.000001	-11974.169
8900	3	1011	0.000002	0.000001	0.000001	-11971.552
9000	1	1000	0.000002	-11974.193
9100	3	1011	0.000002	0.000001	0.000000	-11970.514
9200	1	1000	0.000001	-11977.743
9300	4	1111	0.000001	0.000000	0.000001	0.000000	-11975.928
9400	1	1000	0.000001	-11972.803
9500	4	1111	0.000002	0.000001	0.000001	0.000000	-11969.106
9600	3	1110	0.000002	0.000001	0.000001	-11969.748
9700	4	1111	0.000002	0.000001	0.000001	0.000000	-11973.234
9800	4	1111	0.000002	0.000001	0.000001	0.000000	-11971.948
9900	4	1111	0.000002	0.000000	0.000001	0.000001	-11971.507
10000	1	1000	0.000002	-11974.572
10100	4	1111	0.000002	0.000001	0.000002	0.000001	-11970.295
10200	3	1110	0.000002	0.000001	0.000001	-11974.827
10300	3	1011	0.000002	0.000001	0.000000	-11971.230
10400	3	1110	0.000002	0.000001	0.000001	-11972.129
10500	2	1010	0.000001	0.000000	-11970.775
10600	3	1011	0.000002	0.000000	0.000000	-11971.723
10700	1	1000	0.000001	-11973.767
10800	3	1110	0.000001	0.000001	0.000000	-11969.306
10900	1	1000	0.000001	-11970.662
11000	3	1110	0.000002	0.000001	0.000001	-11972.632
11100	3	1110	0.000002	0.000000	0.000001	-11972.047
11200	3	1110	0.000002	0.000000	0.000001	-11971.773
11300	3	1110	0.000002	0.000000	0.000001	-11970.293
11400	1	1000	0.000002	-11968.973
11500	3	1011	0.000002	0.000001	0.000000	-11969.982
11600	1	1000	0.000001	-11975.083
11700	2	1010	0.000001	0.000001	-11969.649
11800	1	1000	0.000001	-11972.730
11900	3	1110	0.000001	0.000000	0.000001	-11971.321
12000	3	1011	0.000001	0.000001	0.000000	-11970.549
12100	4	1111	0.000001	0.000001	0.000001	0.000001	-11970.058
12200	2	1010	0.000001	0.000001	-11969.404
12300	4	1111	0.000001	0.000000	0.000001	0.000000	-11972.106
12400	4	1111	0.000001	0.000000	0.000001	0.000000	-11970.450
12500	4	1111	0.000002	0.000002	0.000002	0.000001	-11970.548
12600	2	1010	0.000002	0.000000	-11970.371
12700	3	1011	0.000002	0.000001	0.000000	-11972.824
12800	3	1011	0.000002	0.000002	0.000001	-11969.026
12900	4	1111	0.000002	0.000000	0.000001	0.000000	-11970.651
13000	2	1010	0.000001	0.000000	-11972.052
13100	3	1011	0.000001	0.000001	0.000000	-11972.305
13200	3	1011	0.000001	0.000001	0.000001	-11970.728
13300	4	1111	0.000001	0.000001	0.000000	0.000000	-11971.251
13400	3	1011	0.000001	0.000000	0.000000	-11975.546
13500	4	1111	0.000002	0.000001	0.000001	0.000001	-11970.886
13600	3	1011	0.000002	0.000001	0.000001	-11970.845
13700	4	1111	0.000002	0.000000	0.000001	0.000001	-11975.186
13800	3	1110	0.000001	0.000001	0.000001	-11969.553
13900	3	1011	0.000001	0.000001	0.000001	-11978.419
14000	2	1100	0.000001	0.000001	-11972.267
14100	4	1111	0.000001	0.000001	0.000001	0.000001	-11969.119
14200	4	1111	0.000001	0.000001	0.000001	0.000000	-11976.576
14300	2	1100	0.000001	0.000001	-11976.339
14400	1	1000	0.000001	-11976.493
14500	4	1111	0.000001	0.000001	0.000000	0.000000	-11971.725
14600	2	1100	0.000001	0.000001	-11972.058
14700	2	1010	0.000001	0.000000	-11974.739
14800	2	1100	0.000001	0.000000	-11970.896
14900	3	1011	0.000001	0.000001	0.000001	-11969.726
15000	4	1111	0.000001	0.000001	0.000001	0.000000	-11974.583
15100	4	1111	0.000001	0.000000	0.000001	0.000001	-11973.134
15200	1	1000	0.000001	-11976.045
15300	3	1011	0.000001	0.000000	0.000000	-11970.987
15400	4	1111	0.000001	0.000001	0.000001	0.000000	-11971.591
15500	1	1000	0.000001	-11969.978
15600	4	1111	0.000001	0.000001	0.000001	0.000001	-11970.658
15700	4	1111	0.000001	0.000001	0.000001	0.000001	-11972.157
15800	3	1011	0.000001	0.000001	0.000001	-11971.320
15900	2	1100	0.000001	0.000001	-11969.276
16000	1	1000	0.000001	-11974.742
16100	4	1111	0.000001	0.000001	0.000001	0.000000	-11969.034
16200	3	1110	0.000001	0.000001	0.000001	-11970.197
16300	2	1010	0.000001	0.000001	-11975.349
16400	3	1011	0.000001	0.000001	0.000000	-11975.838
16500	3	1011	0.000001	0.000001	0.000000	-11972.725
16600	2	1100	0.000001	0.000000	-11969.779
16700	3	1110	0.000001	0.000000	0.000001	-11973.929
16800	3	1011	0.000001	0.000001	0.000001	-11972.118
16900	3	1011	0.000001	0.000001	0.000001	-11974.029
17000	3	1011	0.000001	0.000001	0.000000	-11976.017
17100	4	1111	0.000001	0.000001	0.000001	0.000001	-11969.324
17200	2	1010	0.000001	0.000001	-11971.348
17300	2	1100	0.000001	0.000001	-11971.905
17400	2	1100	0.000001	0.000001	-11975.229
17500	1	1000	0.000001	-11976.004
17600	1	1000	0.000001	-11973.165
17700	4	1111	0.000001	0.000000	0.000000	0.000000	-11968.725
17800	4	1111	0.000001	0.000001	0.000001	0.000000	-11970.710
17900	3	1110	0.000001	0.000000	0.000001	-11971.483
18000	3	1011	0.000001	0.000001	0.000000	-11969.454
18100	4	1111	0.000001	0.000001	0.000000	0.000000	-11971.402
18200	2	1010	0.000001	0.000001	-11971.491
18300	4	1111	0.000001	0.000000	0.000001	0.000001	-11971.935
18400	2	1100	0.000001	0.000001	-11973.982
18500	3	1110	0.000002	0.000001	0.000001	-11972.002
18600	2	1010	0.000002	0.000001	-11970.929
18700	3	1110	0.000002	0.000001	0.000001	-11973.348
18800	3	1011	0.000002	0.000002	0.000001	-11971.580
18900	2	1100	0.000001	0.000001	-11969.240
19000	3	1110	0.000002	0.000001	0.000001	-11972.814
19100	2	1010	0.000001	0.000001	-11971.818
19200	3	1011	0.000001	0.000000	0.000000	-11971.152
19300	2	1010	0.000001	0.000001	-11971.520
19400	3	1110	0.000001	0.000001	0.000001	-11970.564
19500	2	1100	0.000001	0.000000	-11972.412
19600	3	1110	0.000001	0.000001	0.000001	-11975.031
19700	3	1011	0.000001	0.000001	0.000001	-11969.787
19800	3	1011	0.000001	0.000000	0.000000	-11969.111
19900	4	1111	0.000001	0.000001	0.000000	0.000000	-11970.993
20000	4	1111	0.000001	0.000000	0.000001	0.000001	-11972.467
20100	2	1100	0.000001	0.000001	-11969.579
20200	4	1111	0.000001	0.000000	0.000001	0.000001	-11972.762
20300	3	1011	0.000001	0.000001	0.000000	-11973.843
20400	2	1100	0.000002	0.000000	-11974.357
20500	4	1111	0.000001	0.000000	0.000001	0.000001	-11971.415
20600	4	1111	0.000002	0.000001	0.000001	0.000000	-11971.970
20700	4	1111	0.000002	0.000002	0.000002	0.000001	-11972.527
20800	4	1111	0.000002	0.000001	0.000001	0.000001	-11972.330
20900	4	1111	0.000002	0.000001	0.000001	0.000001	-11970.449
21000	4	1111	0.000001	0.000000	0.000001	0.000000	-11973.284
21100	2	1100	0.000001	0.000001	-11972.340
21200	2	1010	0.000001	0.000000	-11973.260
21300	2	1010	0.000001	0.000001	-11973.740
21400	3	1110	0.000001	0.000001	0.000000	-11970.232
21500	4	1111	0.000001	0.000001	0.000001	0.000000	-11971.217
21600	3	1011	0.000001	0.000001	0.000000	-11972.231
21700	3	1110	0.000001	0.000000	0.000000	-11970.652
21800	1	1000	0.000001	-11969.950
21900	2	1100	0.000001	0.000000	-11972.273
22000	3	1110	0.000001	0.000000	0.000000	-11970.116
22100	1	1000	0.000001	-11971.621
22200	3	1110	0.000001	0.000000	0.000001	-11973.292
22300	4	1111	0.000001	0.000000	0.000000	0.000000	-11970.215
22400	1	1000	0.000001	-11969.683
22500	4	1111	0.000001	0.000000	0.000001	0.000000	-11971.627
22600	3	1110	0.000001	0.000001	0.000000	-11976.326
22700	2	1010	0.000001	0.000001	-11971.612
22800	2	1100	0.000001	0.000000	-11977.025
22900	3	1011	0.000001	0.000001	0.000000	-11973.884
23000	4	1111	0.000001	0.000001	0.000001	0.000001	-11970.277
23100	3	1011	0.000001	0.000001	0.000000	-11971.084
23200	3	1110	0.000001	0.000000	0.000000	-11970.502
23300	4	1111	0.000001	0.000001	0.000001	0.000001	-11971.820
23400	3	1110	0.000001	0.000001	0.000000	-11971.065
23500	2	1010	0.000001	0.000001	-11970.197
23600	2	1100	0.000001	0.000001	-11970.386
23700	3	1110	0.000001	0.000001	0.000001	-11970.528
23800	3	1011	0.000001	0.000001	0.000001	-11975.338
23900	3	1110	0.000001	0.000000	0.000001	-11968.265
24000	2	1010	0.000001	0.000000	-11970.422
24100	1	1000	0.000001	-11969.585
24200	2	1100	0.000001	0.000001	-11969.915
24300	4	1111	0.000001	0.000000	0.000000	0.000000	-11971.559
24400	4	1111	0.000001	0.000000	0.000001	0.000000	-11974.965
24500	4	1111	0.000001	0.000001	0.000001	0.000000	-11970.045
24600	1	1000	0.000001	-11969.999
24700	2	1010	0.000001	0.000000	-11971.435
24800	3	1110	0.000001	0.000000	0.000001	-11970.269
24900	1	1000	0.000001	-11969.400
25000	4	1111	0.000001	0.000000	0.000001	0.000001	-11974.100
25100	3	1011	0.000001	0.000001	0.000000	-11969.854
25200	4	1111	0.000001	0.000000	0.000001	0.000001	-11973.766
25300	4	1111	0.000001	0.000000	0.000001	0.000000	-11977.147
25400	4	1111	0.000001	0.000001	0.000001	0.000000	-11974.584
25500	1	1000	0.000001	-11972.391
25600	1	1000	0.000001	-11972.481
25700	3	1011	0.000001	0.000001	0.000000	-11969.338
25800	2	1010	0.000002	0.000001	-11969.769
25900	3	1011	0.000001	0.000001	0.000000	-11972.047
26000	2	1100	0.000001	0.000000	-11972.218
26100	3	1011	0.000001	0.000001	0.000001	-11975.801
26200	1	1000	0.000001	-11974.404
26300	2	1100	0.000001	0.000000	-11969.556
26400	3	1110	0.000001	0.000001	0.000000	-11974.137
26500	3	1110	0.000001	0.000000	0.000000	-11977.522
26600	2	1100	0.000001	0.000000	-11968.886
26700	3	1110	0.000001	0.000000	0.000000	-11976.730
26800	4	1111	0.000001	0.000001	0.000001	0.000000	-11970.413
26900	4	1111	0.000001	0.000000	0.000001	0.000000	-11970.088
27000	3	1110	0.000001	0.000001	0.000001	-11974.503
27100	3	1110	0.000001	0.000001	0.000001	-11974.750
27200	3	1110	0.000001	0.000001	0.000000	-11973.463
27300	2	1010	0.000001	0.000001	-11970.153
27400	3	1110	0.000001	0.000000	0.000001	-11973.954
27500	3	1110	0.000001	0.000001	0.000001	-11972.610
27600	3	1011	0.000001	0.000001	0.000001	-11969.404
27700	4	1111	0.000001	0.000001	0.000001	0.000000	-11971.225
27800	4	1111	0.000001	0.000000	0.000001	0.000000	-11971.321
27900	4	1111	0.000002	0.000001	0.000001	0.000001	-11970.390
28000	3	1011	0.000002	0.000000	0.000000	-11974.061
28100	2	1010	0.000002	0.000000	-11969.068
28200	3	1011	0.000002	0.000001	0.000000	-11971.793
28300	3	1110	0.000002	0.000000	0.000001	-11968.659
28400	3	1011	0.000002	0.000001	0.000001	-11971.934
28500	2	1100	0.000002	0.000001	-11974.103
28600	3	1110	0.000002	0.000001	0.000000	-11972.997
28700	2	1010	0.000001	0.000001	-11975.964
28800	1	1000	0.000001	-11970.580
28900	3	1011	0.000001	0.000001	0.000001	-11970.798
29000	1	1000	0.000001	-11978.208
29100	3	1011	0.000002	0.000001	0.000001	-11974.469
29200	4	1111	0.000002	0.000002	0.000002	0.000001	-11972.336
29300	2	1010	0.000002	0.000001	-11969.986
29400	3	1011	0.000002	0.000002	0.000001	-11969.704
29500	3	1011	0.000002	0.000001	0.000001	-11969.261
29600	3	1011	0.000002	0.000001	0.000001	-11969.164
29700	2	1010	0.000002	0.000002	-11977.139
29800	2	1010	0.000002	0.000001	-11973.273
29900	4	1111	0.000002	0.000000	0.000002	0.000001	-11973.367
30000	3	1011	0.000002	0.000002	0.000001	-11969.587
30100	2	1010	0.000002	0.000001	-11973.090
30200	4	1111	0.000002	0.000002	0.000001	0.000001	-11969.841
30300	3	1011	0.000002	0.000001	0.000000	-11971.349
30400	4	1111	0.000002	0.000002	0.000002	0.000000	-11971.503
30500	4	1111	0.000002	0.000001	0.000001	0.000001	-11972.160
30600	4	1111	0.000003	0.000001	0.000002	0.000002	-11970.592
30700	2	1100	0.000003	0.000000	-11975.037
30800	3	1011	0.000003	0.000001	0.000000	-11968.501
30900	4	1111	0.000002	0.000001	0.000001	0.000001	-11974.593
31000	2	1100	0.000002	0.000001	-11971.854
31100	2	1010	0.000002	0.000001	-11970.859
31200	3	1011	0.000002	0.000001	0.000000	-11969.924
31300	4	1111	0.000002	0.000001	0.000002	0.000001	-11970.337
31400	4	1111	0.000001	0.000001	0.000001	0.000001	-11969.493
31500	4	1111	0.000002	0.000001	0.000001	0.000000	-11969.217
31600	3	1110	0.000001	0.000001	0.000001	-11971.275
31700	3	1110	0.000001	0.000000	0.000001	-11970.523
31800	4	1111	0.000001	0.000000	0.000001	0.000001	-11975.750
31900	2	1100	0.000001	0.000001	-11976.247
32000	1	1000	0.000001	-11970.119
32100	2	1100	0.000001	0.000001	-11969.407
32200	3	1011	0.000001	0.000000	0.000000	-11972.078
32300	3	1011	0.000001	0.000000	0.000000	-11970.679
32400	1	1000	0.000001	-11972.758
32500	3	1011	0.000001	0.000001	0.000001	-11972.879
32600	2	1010	0.000001	0.000001	-11973.730
32700	2	1100	0.000001	0.000001	-11970.637
32800	4	1111	0.000001	0.000000	0.000001	0.000000	-11968.793
32900	3	1011	0.000001	0.000001	0.000000	-11969.665
33000	4	1111	0.000001	0.000001	0.000001	0.000001	-11971.425
33100	3	1110	0.000001	0.000000	0.000000	-11975.636
33200	3	1011	0.000001	0.000001	0.000000	-11971.661
33300	4	1111	0.000001	0.000001	0.000001	0.000001	-11976.289
33400	2	1010	0.000001	0.000000	-11969.331
33500	1	1000	0.000001	-11970.552
33600	2	1100	0.000001	0.000001	-11971.371
33700	1	1000	0.000001	-11971.688
33800	4	1111	0.000001	0.000001	0.000001	0.000001	-11969.018
33900	4	1111	0.000001	0.000001	0.000000	0.000000	-11973.406
34000	3	1110	0.000001	0.000001	0.000001	-11975.011
34100	3	1110	0.000001	0.000001	0.000001	-11968.906
34200	2	1010	0.000001	0.000001	-11970.147
34300	3	1110	0.000001	0.000001	0.000000	-11973.895
34400	3	1110	0.000001	0.000001	0.000000	-11972.864
34500	4	1111	0.000001	0.000000	0.000000	0.000000	-11970.159
34600	1	1000	0.000001	-11972.543
34700	4	1111	0.000001	0.000001	0.000001	0.000001	-11969.791
34800	1	1000	0.000001	-11969.031
34900	3	1011	0.000001	0.000001	0.000000	-11971.637
35000	4	1111	0.000001	0.000001	0.000001	0.000000	-11972.408
35100	3	1011	0.000001	0.000001	0.000000	-11971.933
35200	2	1100	0.000001	0.000000	-11973.235
35300	4	1111	0.000001	0.000000	0.000000	0.000000	-11974.131
35400	2	1100	0.000001	0.000000	-11973.042
35500	3	1011	0.000001	0.000000	0.000000	-11969.540
35600	2	1010	0.000001	0.000001	-11973.438
35700	1	1000	0.000001	-11970.573
35800	4	1111	0.000001	0.000000	0.000000	0.000000	-11969.444
35900	2	1100	0.000001	0.000000	-11970.619
36000	3	1011	0.000001	0.000001	0.000000	-11972.092
36100	4	1111	0.000001	0.000000	0.000001	0.000001	-11969.610
36200	3	1011	0.000001	0.000000	0.000000	-11974.121
36300	3	1110	0.000001	0.000001	0.000000	-11974.490
36400	3	1110	0.000001	0.000001	0.000000	-11973.494
36500	2	1100	0.000001	0.000001	-11972.880
36600	3	1011	0.000001	0.000001	0.000001	-11970.557
36700	2	1010	0.000001	0.000000	-11980.476
36800	1	1000	0.000001	-11969.811
36900	4	1111	0.000001	0.000000	0.000000	0.000000	-11974.014
37000	2	1010	0.000001	0.000001	-11970.814
37100	2	1100	0.000001	0.000001	-11969.428
37200	2	1010	0.000001	0.000001	-11968.884
37300	4	1111	0.000001	0.000001	0.000001	0.000000	-11970.848
37400	3	1011	0.000001	0.000001	0.000000	-11974.497
37500	4	1111	0.000001	0.000001	0.000001	0.000000	-11971.978
37600	2	1010	0.000001	0.000000	-11969.593
37700	1	1000	0.000001	-11975.431
37800	4	1111	0.000001	0.000000	0.000001	0.000000	-11972.176
37900	3	1011	0.000001	0.000000	0.000000	-11976.538
38000	4	1111	0.000001	0.000001	0.000000	0.000000	-11969.003
38100	2	1100	0.000001	0.000000	-11974.816
38200	3	1011	0.000001	0.000000	0.000000	-11976.808
38300	1	1000	0.000001	-11973.919
38400	3	1011	0.000001	0.000000	0.000000	-11971.248
38500	2	1100	0.000001	0.000000	-11970.287
38600	3	1110	0.000001	0.000000	0.000000	-11970.802
38700	3	1110	0.000001	0.000000	0.000000	-11969.049
38800	3	1110	0.000001	0.000000	0.000001	-11972.527
38900	1	1000	0.000001	-11972.390
39000	1	1000	0.000001	-11972.959
39100	2	1010	0.000001	0.000000	-11971.921
39200	2	1010	0.000001	0.000001	-11972.400
39300	1	1000	0.000001	-11974.973
39400	4	1111	0.000001	0.000001	0.000000	0.000000	-11973.359
39500	1	1000	0.000001	-11969.746
39600	3	1110	0.000001	0.000000	0.000000	-11969.996
39700	3	1011	0.000001	0.000000	0.000000	-11970.621
39800	3	1110	0.000001	0.000000	0.000001	-11971.077
39900	4	1111	0.000001	0.000000	0.000000	0.000000	-11973.313
40000	2	1010	0.000001	0.000000	-11974.094
40100	1	1000	0.000001	-11969.552
40200	3	1110	0.000001	0.000000	0.000000	-11969.508
40300	4	1111	0.000001	0.000001	0.000000	0.000000	-11975.346
40400	3	1110	0.000001	0.000001	0.000000	-11969.803
40500	4	1111	0.000001	0.000000	0.000001	0.000001	-11969.976
40600	3	1011	0.000001	0.000001	0.000001	-11972.408
40700	1	1000	0.000001	-11979.367
40800	3	1110	0.000001	0.000001	0.000000	-11978.462
40900	1	1000	0.000001	-11970.428
41000	3	1011	0.000001	0.000001	0.000000	-11976.163
41100	2	1100	0.000001	0.000001	-11975.823
41200	2	1010	0.000001	0.000001	-11973.578
41300	3	1110	0.000001	0.000000	0.000001	-11971.562
41400	2	1010	0.000001	0.000001	-11971.041
41500	2	1100	0.000001	0.000000	-11971.598
41600	3	1011	0.000001	0.000001	0.000000	-11972.219
41700	2	1100	0.000001	0.000000	-11977.111
41800	4	1111	0.000001	0.000000	0.000000	0.000000	-11972.484
41900	2	1010	0.000001	0.000001	-11974.379
42000	1	1000	0.000001	-11970.265
42100	3	1110	0.000001	0.000000	0.000000	-11973.005
42200	2	1100	0.000001	0.000000	-11977.465
42300	4	1111	0.000001	0.000001	0.000001	0.000001	-11971.859
42400	1	1000	0.000001	-11971.336
42500	1	1000	0.000001	-11974.359
42600	1	1000	0.000001	-11977.171
42700	1	1000	0.000001	-11972.045
42800	3	1110	0.000001	0.000000	0.000000	-11971.187
42900	3	1011	0.000001	0.000001	0.000001	-11970.524
43000	4	1111	0.000001	0.000001	0.000001	0.000000	-11975.577
43100	1	1000	0.000001	-11976.812
43200	3	1011	0.000001	0.000001	0.000000	-11971.607
43300	2	1010	0.000001	0.000000	-11969.665
43400	2	1100	0.000001	0.000000	-11972.340
43500	3	1110	0.000001	0.000001	0.000000	-11976.882
43600	2	1100	0.000001	0.000001	-11976.636
43700	4	1111	0.000001	0.000000	0.000001	0.000000	-11969.431
43800	2	1010	0.000001	0.000000	-11977.130
43900	1	1000	0.000001	-11972.025
44000	2	1010	0.000001	0.000001	-11972.963
44100	3	1011	0.000001	0.000001	0.000001	-11968.825
44200	4	1111	0.000001	0.000000	0.000001	0.000000	-11971.863
44300	1	1000	0.000001	-11971.688
44400	2	1100	0.000001	0.000000	-11972.273
44500	2	1010	0.000002	0.000000	-11974.444
44600	2	1100	0.000002	0.000002	-11971.987
44700	2	1100	0.000001	0.000001	-11969.904
44800	3	1011	0.000002	0.000001	0.000000	-11972.409
44900	4	1111	0.000001	0.000000	0.000001	0.000000	-11970.831
45000	2	1100	0.000001	0.000000	-11973.959
45100	4	1111	0.000001	0.000001	0.000001	0.000001	-11978.633
45200	4	1111	0.000001	0.000001	0.000001	0.000000	-11969.320
45300	4	1111	0.000001	0.000000	0.000000	0.000000	-11970.123
45400	3	1011	0.000001	0.000001	0.000000	-11971.441
45500	2	1010	0.000001	0.000001	-11976.350
45600	2	1100	0.000001	0.000000	-11971.272
45700	3	1110	0.000002	0.000001	0.000000	-11970.840
45800	3	1110	0.000002	0.000000	0.000001	-11971.386
45900	3	1110	0.000002	0.000001	0.000001	-11971.506
46000	2	1010	0.000002	0.000000	-11970.388
46100	4	1111	0.000002	0.000002	0.000002	0.000001	-11974.090
46200	1	1000	0.000002	-11970.007
46300	2	1010	0.000002	0.000001	-11980.061
46400	4	1111	0.000001	0.000001	0.000001	0.000000	-11974.525
46500	2	1100	0.000001	0.000001	-11972.069
46600	2	1010	0.000001	0.000001	-11970.187
46700	4	1111	0.000001	0.000000	0.000001	0.000000	-11970.072
46800	2	1010	0.000001	0.000001	-11970.265
46900	2	1100	0.000001	0.000000	-11971.787
47000	4	1111	0.000001	0.000000	0.000001	0.000001	-11974.758
47100	1	1000	0.000001	-11970.775
47200	3	1110	0.000001	0.000000	0.000000	-11973.314
47300	1	1000	0.000001	-11969.613
47400	2	1100	0.000001	0.000001	-11979.567
47500	4	1111	0.000001	0.000001	0.000001	0.000001	-11971.327
47600	2	1100	0.000001	0.000001	-11968.952
47700	3	1011	0.000001	0.000000	0.000000	-11971.117
47800	3	1110	0.000001	0.000001	0.000001	-11974.763
47900	3	1011	0.000001	0.000001	0.000001	-11971.563
48000	2	1010	0.000001	0.000000	-11973.770
48100	2	1010	0.000001	0.000000	-11969.707
48200	3	1110	0.000001	0.000000	0.000001	-11971.067
48300	3	1110	0.000001	0.000001	0.000001	-11974.576
48400	4	1111	0.000001	0.000001	0.000000	0.000000	-11972.689
48500	3	1110	0.000002	0.000001	0.000001	-11969.819
48600	4	1111	0.000002	0.000002	0.000002	0.000001	-11975.542
48700	3	1110	0.000002	0.000001	0.000002	-11971.516
48800	3	1011	0.000002	0.000001	0.000000	-11970.202
48900	3	1011	0.000002	0.000002	0.000001	-11971.457
49000	2	1100	0.000002	0.000000	-11969.146
49100	2	1100	0.000002	0.000001	-11981.122
49200	3	1110	0.000001	0.000001	0.000001	-11971.513
49300	2	1100	0.000001	0.000001	-11971.529
49400	1	1000	0.000001	-11970.505
49500	3	1011	0.000001	0.000001	0.000001	-11971.001
49600	1	1000	0.000002	-11970.743
49700	3	1011	0.000001	0.000001	0.000000	-11976.020
49800	1	1000	0.000001	-11974.488
49900	1	1000	0.000001	-11975.359
50000	1	1000	0.000001	-11968.972
50100	1	1000	0.000001	-11974.402
50200	3	1110	0.000001	0.000001	0.000000	-11971.728
50300	4	1111	0.000001	0.000001	0.000000	0.000000	-11979.547
50400	2	1100	0.000001	0.000000	-11969.026
50500	1	1000	0.000001	-11972.329
50600	3	1011	0.000001	0.000001	0.000001	-11972.971
50700	3	1110	0.000001	0.000001	0.000000	-11973.290
50800	2	1100	0.000001	0.000001	-11971.177
50900	4	1111	0.000001	0.000000	0.000001	0.000001	-11974.014
51000	3	1110	0.000001	0.000001	0.000000	-11972.346
51100	1	1000	0.000001	-11973.720
51200	3	1011	0.000001	0.000001	0.000001	-11969.154
51300	2	1010	0.000001	0.000000	-11973.724
51400	2	1100	0.000001	0.000000	-11975.781
51500	2	1010	0.000001	0.000001	-11969.656
51600	2	1100	0.000001	0.000001	-11970.986
51700	4	1111	0.000002	0.000001	0.000001	0.000001	-11970.925
51800	2	1010	0.000002	0.000000	-11969.778
51900	3	1011	0.000002	0.000002	0.000001	-11974.187
52000	3	1110	0.000001	0.000001	0.000001	-11968.945
52100	3	1110	0.000002	0.000000	0.000000	-11968.624
52200	4	1111	0.000001	0.000001	0.000001	0.000000	-11972.485
52300	2	1100	0.000002	0.000001	-11972.161
52400	1	1000	0.000002	-11971.093
52500	4	1111	0.000002	0.000001	0.000001	0.000001	-11973.902
52600	3	1011	0.000002	0.000002	0.000000	-11973.807
52700	4	1111	0.000002	0.000000	0.000001	0.000001	-11971.353
52800	2	1100	0.000002	0.000001	-11974.148
52900	2	1010	0.000002	0.000002	-11969.428
53000	3	1011	0.000001	0.000001	0.000000	-11971.330
53100	4	1111	0.000001	0.000001	0.000001	0.000001	-11971.439
53200	1	1000	0.000001	-11970.111
53300	3	1011	0.000001	0.000001	0.000001	-11972.287
53400	3	1011	0.000001	0.000001	0.000001	-11971.426
53500	3	1011	0.000001	0.000001	0.000000	-11971.290
53600	4	1111	0.000001	0.000001	0.000001	0.000001	-11973.762
53700	3	1011	0.000001	0.000000	0.000000	-11971.642
53800	3	1110	0.000001	0.000001	0.000001	-11972.336
53900	1	1000	0.000001	-11973.887
54000	1	1000	0.000001	-11970.783
54100	4	1111	0.000001	0.000001	0.000001	0.000001	-11971.251
54200	2	1010	0.000001	0.000001	-11970.445
54300	2	1100	0.000001	0.000001	-11971.532
54400	3	1110	0.000001	0.000001	0.000000	-11970.488
54500	4	1111	0.000001	0.000000	0.000001	0.000001	-11970.052
54600	4	1111	0.000001	0.000001	0.000001	0.000001	-11973.834
54700	4	1111	0.000001	0.000001	0.000001	0.000000	-11971.564
54800	3	1110	0.000001	0.000001	0.000000	-11976.384
54900	4	1111	0.000001	0.000000	0.000000	0.000000	-11971.512
55000	3	1110	0.000001	0.000000	0.000000	-11970.278
55100	3	1011	0.000001	0.000001	0.000000	-11970.452
55200	3	1011	0.000001	0.000001	0.000001	-11971.516
55300	2	1010	0.000001	0.000001	-11971.296
55400	1	1000	0.000001	-11973.608
55500	2	1100	0.000001	0.000000	-11970.808
55600	1	1000	0.000001	-11972.772
55700	4	1111	0.000001	0.000000	0.000000	0.000000	-11973.337
55800	2	1010	0.000001	0.000001	-11973.358
55900	2	1010	0.000001	0.000001	-11971.573
56000	4	1111	0.000001	0.000001	0.000001	0.000001	-11976.802
56100	3	1011	0.000001	0.000001	0.000000	-11972.857
56200	4	1111	0.000001	0.000001	0.000001	0.000000	-11971.956
56300	3	1011	0.000001	0.000001	0.000001	-11973.400
56400	3	1011	0.000001	0.000001	0.000001	-11970.496
56500	4	1111	0.000001	0.000000	0.000001	0.000000	-11972.741
56600	3	1110	0.000001	0.000000	0.000001	-11968.936
56700	2	1010	0.000001	0.000001	-11970.530
56800	4	1111	0.000001	0.000001	0.000001	0.000001	-11970.861
56900	2	1100	0.000001	0.000001	-11970.321
57000	1	1000	0.000001	-11975.098
57100	2	1100	0.000002	0.000001	-11973.320
57200	4	1111	0.000002	0.000000	0.000002	0.000001	-11972.889
57300	1	1000	0.000002	-11971.413
57400	3	1011	0.000002	0.000002	0.000000	-11971.385
57500	3	1110	0.000002	0.000001	0.000001	-11973.724
57600	1	1000	0.000002	-11972.643
57700	3	1011	0.000002	0.000001	0.000001	-11973.528
57800	3	1011	0.000002	0.000002	0.000001	-11971.374
57900	4	1111	0.000002	0.000001	0.000001	0.000001	-11973.449
58000	3	1011	0.000002	0.000001	0.000000	-11974.717
58100	4	1111	0.000002	0.000002	0.000001	0.000000	-11969.222
58200	1	1000	0.000002	-11970.271
58300	2	1010	0.000002	0.000000	-11970.486
58400	3	1011	0.000002	0.000001	0.000000	-11971.760
58500	3	1110	0.000002	0.000001	0.000001	-11971.212
58600	3	1011	0.000002	0.000001	0.000000	-11970.790
58700	2	1010	0.000002	0.000001	-11970.158
58800	4	1111	0.000002	0.000001	0.000002	0.000000	-11968.554
58900	3	1110	0.000002	0.000001	0.000001	-11971.078
59000	4	1111	0.000001	0.000001	0.000001	0.000000	-11974.131
59100	2	1010	0.000001	0.000000	-11969.408
59200	4	1111	0.000001	0.000001	0.000001	0.000000	-11971.295
59300	2	1100	0.000001	0.000001	-11975.303
59400	2	1100	0.000001	0.000000	-11976.600
59500	2	1100	0.000001	0.000001	-11973.263
59600	3	1110	0.000001	0.000000	0.000001	-11973.955
59700	3	1011	0.000002	0.000001	0.000000	-11976.105
59800	3	1011	0.000002	0.000002	0.000001	-11976.218
59900	2	1010	0.000002	0.000002	-11972.659
60000	1	1000	0.000002	-11971.507
60100	2	1100	0.000002	0.000002	-11972.406
60200	3	1011	0.000002	0.000002	0.000002	-11978.238
60300	3	1110	0.000002	0.000002	0.000002	-11970.441
60400	4	1111	0.000002	0.000001	0.000001	0.000000	-11972.167
60500	3	1011	0.000002	0.000001	0.000001	-11973.200
60600	2	1100	0.000002	0.000001	-11973.111
60700	3	1011	0.000002	0.000001	0.000001	-11977.084
60800	4	1111	0.000003	0.000001	0.000002	0.000002	-11971.038
60900	2	1100	0.000003	0.000002	-11970.759
61000	1	1000	0.000003	-11972.078
61100	4	1111	0.000003	0.000002	0.000002	0.000002	-11974.540
61200	1	1000	0.000003	-11972.001
61300	3	1011	0.000002	0.000001	0.000001	-11973.259
61400	4	1111	0.000002	0.000001	0.000002	0.000001	-11974.545
61500	3	1011	0.000001	0.000001	0.000000	-11971.378
61600	3	1011	0.000001	0.000001	0.000000	-11971.616
61700	2	1100	0.000001	0.000001	-11970.424
61800	2	1100	0.000001	0.000001	-11973.062
61900	3	1110	0.000001	0.000000	0.000001	-11971.048
62000	2	1010	0.000002	0.000000	-11972.652
62100	2	1100	0.000002	0.000001	-11976.424
62200	3	1110	0.000001	0.000001	0.000001	-11970.110
62300	3	1011	0.000001	0.000001	0.000001	-11969.915
62400	4	1111	0.000001	0.000001	0.000001	0.000000	-11972.242
62500	2	1010	0.000001	0.000000	-11969.525
62600	3	1110	0.000001	0.000001	0.000001	-11968.965
62700	2	1100	0.000001	0.000001	-11973.145
62800	1	1000	0.000001	-11971.287
62900	2	1100	0.000001	0.000001	-11969.669
63000	3	1110	0.000001	0.000001	0.000001	-11971.128
63100	3	1110	0.000001	0.000001	0.000000	-11975.883
63200	3	1110	0.000001	0.000000	0.000001	-11969.873
63300	3	1110	0.000001	0.000001	0.000001	-11969.868
63400	3	1011	0.000002	0.000001	0.000001	-11980.208
63500	4	1111	0.000002	0.000000	0.000001	0.000001	-11969.619
63600	2	1010	0.000002	0.000001	-11971.895
63700	1	1000	0.000002	-11972.751
63800	1	1000	0.000001	-11974.168
63900	1	1000	0.000002	-11974.408
64000	4	1111	0.000002	0.000001	0.000002	0.000000	-11973.301
64100	3	1110	0.000002	0.000001	0.000001	-11970.421
64200	2	1010	0.000002	0.000001	-11975.982
64300	2	1100	0.000002	0.000000	-11972.537
64400	2	1100	0.000002	0.000001	-11969.299
64500	4	1111	0.000002	0.000002	0.000002	0.000002	-11968.494
64600	3	1110	0.000002	0.000001	0.000000	-11973.171
64700	3	1011	0.000002	0.000001	0.000001	-11973.685
64800	2	1010	0.000002	0.000000	-11974.351
64900	3	1011	0.000002	0.000001	0.000001	-11971.150
65000	3	1011	0.000002	0.000001	0.000000	-11971.550
65100	3	1011	0.000002	0.000002	0.000002	-11970.612
65200	4	1111	0.000002	0.000001	0.000000	0.000000	-11971.656
65300	3	1110	0.000002	0.000000	0.000001	-11970.503
65400	2	1010	0.000002	0.000001	-11968.768
65500	3	1011	0.000001	0.000000	0.000000	-11978.441
65600	3	1011	0.000001	0.000001	0.000001	-11968.550
65700	4	1111	0.000001	0.000000	0.000001	0.000000	-11975.239
65800	1	1000	0.000002	-11971.283
65900	3	1011	0.000002	0.000002	0.000000	-11973.361
66000	2	1100	0.000002	0.000001	-11970.004
66100	3	1110	0.000001	0.000000	0.000000	-11972.923
66200	3	1110	0.000001	0.000001	0.000001	-11970.994
66300	4	1111	0.000002	0.000001	0.000001	0.000001	-11971.870
66400	2	1100	0.000002	0.000000	-11972.506
66500	2	1100	0.000002	0.000001	-11968.299
66600	4	1111	0.000001	0.000001	0.000001	0.000001	-11974.211
66700	3	1110	0.000001	0.000000	0.000001	-11970.111
66800	3	1110	0.000001	0.000001	0.000001	-11974.103
66900	2	1010	0.000001	0.000001	-11971.027
67000	3	1110	0.000001	0.000001	0.000001	-11971.937
67100	2	1100	0.000001	0.000001	-11975.129
67200	3	1011	0.000001	0.000001	0.000000	-11969.320
67300	1	1000	0.000001	-11970.720
67400	1	1000	0.000001	-11969.214
67500	2	1100	0.000001	0.000001	-11975.057
67600	2	1010	0.000001	0.000000	-11969.631
67700	1	1000	0.000001	-11970.565
67800	2	1010	0.000001	0.000001	-11978.219
67900	2	1010	0.000001	0.000001	-11973.517
68000	3	1110	0.000001	0.000001	0.000001	-11971.523
68100	4	1111	0.000001	0.000000	0.000001	0.000001	-11969.023
68200	3	1110	0.000001	0.000000	0.000001	-11975.213
68300	1	1000	0.000002	-11971.657
68400	4	1111	0.000001	0.000001	0.000001	0.000001	-11969.364
68500	3	1011	0.000001	0.000001	0.000001	-11968.662
68600	2	1100	0.000002	0.000002	-11972.890
68700	2	1100	0.000002	0.000001	-11976.539
68800	4	1111	0.000001	0.000001	0.000001	0.000000	-11973.386
68900	2	1010	0.000001	0.000001	-11972.035
69000	1	1000	0.000002	-11968.500
69100	1	1000	0.000002	-11976.162
69200	4	1111	0.000002	0.000000	0.000002	0.000001	-11970.093
69300	2	1100	0.000001	0.000001	-11973.170
69400	2	1100	0.000001	0.000001	-11970.532
69500	4	1111	0.000001	0.000001	0.000000	0.000000	-11971.022
69600	1	1000	0.000001	-11968.684
69700	3	1011	0.000001	0.000001	0.000000	-11970.596
69800	2	1100	0.000001	0.000000	-11972.781
69900	2	1010	0.000001	0.000001	-11971.842
70000	4	1111	0.000001	0.000001	0.000001	0.000001	-11976.839
70100	3	1110	0.000001	0.000001	0.000000	-11971.773
70200	2	1100	0.000001	0.000000	-11972.968
70300	2	1100	0.000001	0.000001	-11969.360
70400	4	1111	0.000001	0.000001	0.000001	0.000000	-11972.150
70500	2	1100	0.000001	0.000000	-11972.888
70600	3	1110	0.000001	0.000001	0.000001	-11971.167
70700	4	1111	0.000001	0.000001	0.000001	0.000000	-11973.253
70800	2	1010	0.000001	0.000000	-11972.893
70900	1	1000	0.000001	-11973.543
71000	4	1111	0.000001	0.000000	0.000001	0.000001	-11969.293
71100	2	1010	0.000002	0.000001	-11971.207
71200	4	1111	0.000001	0.000001	0.000001	0.000001	-11972.233
71300	2	1010	0.000001	0.000000	-11977.076
71400	2	1100	0.000002	0.000001	-11973.449
71500	3	1011	0.000001	0.000001	0.000001	-11969.937
71600	4	1111	0.000001	0.000000	0.000001	0.000000	-11981.659
71700	2	1010	0.000001	0.000001	-11978.111
71800	1	1000	0.000001	-11972.313
71900	2	1010	0.000002	0.000001	-11969.477
72000	1	1000	0.000002	-11972.871
72100	2	1100	0.000002	0.000001	-11969.618
72200	4	1111	0.000002	0.000001	0.000001	0.000000	-11971.377
72300	3	1011	0.000001	0.000001	0.000001	-11972.321
72400	3	1110	0.000002	0.000001	0.000000	-11971.743
72500	1	1000	0.000001	-11972.335
72600	3	1011	0.000001	0.000001	0.000000	-11970.155
72700	2	1100	0.000001	0.000000	-11970.544
72800	3	1011	0.000001	0.000001	0.000000	-11972.090
72900	3	1110	0.000001	0.000000	0.000000	-11969.806
73000	4	1111	0.000001	0.000000	0.000001	0.000001	-11971.653
73100	4	1111	0.000001	0.000001	0.000000	0.000000	-11971.176
73200	4	1111	0.000001	0.000001	0.000001	0.000001	-11971.579
73300	3	1011	0.000001	0.000001	0.000000	-11970.896
73400	3	1110	0.000001	0.000000	0.000001	-11974.298
73500	3	1110	0.000001	0.000001	0.000001	-11969.666
73600	2	1010	0.000001	0.000000	-11971.837
73700	1	1000	0.000001	-11970.322
73800	4	1111	0.000001	0.000001	0.000001	0.000000	-11972.385
73900	3	1011	0.000001	0.000001	0.000001	-11969.955
74000	3	1011	0.000001	0.000001	0.000001	-11969.782
74100	3	1110	0.000001	0.000001	0.000001	-11969.643
74200	3	1110	0.000001	0.000000	0.000000	-11973.959
74300	3	1110	0.000001	0.000001	0.000000	-11971.688
74400	3	1011	0.000001	0.000000	0.000000	-11970.230
74500	3	1110	0.000001	0.000000	0.000000	-11975.006
74600	4	1111	0.000001	0.000001	0.000001	0.000001	-11973.896
74700	4	1111	0.000001	0.000001	0.000001	0.000000	-11970.267
74800	3	1011	0.000001	0.000001	0.000000	-11970.408
74900	4	1111	0.000001	0.000000	0.000001	0.000000	-11973.168
75000	4	1111	0.000001	0.000000	0.000000	0.000000	-11970.901
75100	4	1111	0.000001	0.000000	0.000000	0.000000	-11970.705
75200	2	1010	0.000001	0.000001	-11970.525
75300	2	1100	0.000001	0.000001	-11972.417
75400	3	1011	0.000001	0.000001	0.000001	-11973.016
75500	3	1110	0.000001	0.000001	0.000001	-11974.809
75600	2	1010	0.000001	0.000001	-11974.105
75700	4	1111	0.000001	0.000001	0.000001	0.000000	-11970.890
75800	2	1010	0.000001	0.000001	-11968.754
75900	2	1100	0.000001	0.000001	-11971.147
76000	3	1011	0.000001	0.000000	0.000000	-11970.923
76100	3	1110	0.000001	0.000001	0.000001	-11974.000
76200	4	1111	0.000001	0.000001	0.000001	0.000000	-11974.873
76300	3	1011	0.000001	0.000001	0.000000	-11971.461
76400	2	1010	0.000001	0.000001	-11977.970
76500	4	1111	0.000001	0.000001	0.000001	0.000001	-11968.775
76600	3	1011	0.000002	0.000001	0.000001	-11973.514
76700	4	1111	0.000001	0.000001	0.000001	0.000000	-11970.777
76800	2	1100	0.000001	0.000000	-11969.619
76900	2	1100	0.000001	0.000000	-11972.198
77000	3	1011	0.000001	0.000001	0.000001	-11971.461
77100	2	1100	0.000001	0.000001	-11974.979
77200	4	1111	0.000001	0.000001	0.000001	0.000000	-11978.757
77300	4	1111	0.000001	0.000001	0.000001	0.000000	-11969.635
77400	2	1100	0.000001	0.000001	-11972.169
77500	2	1100	0.000001	0.000001	-11969.384
77600	3	1110	0.000001	0.000001	0.000001	-11977.191
77700	3	1011	0.000002	0.000002	0.000000	-11970.557
77800	1	1000	0.000002	-11972.884
77900	4	1111	0.000002	0.000000	0.000001	0.000001	-11972.447
78000	3	1011	0.000002	0.000002	0.000001	-11974.709
78100	3	1011	0.000002	0.000000	0.000000	-11969.587
78200	3	1011	0.000002	0.000002	0.000001	-11968.608
78300	2	1100	0.000002	0.000000	-11973.815
78400	2	1010	0.000003	0.000002	-11974.878
78500	4	1111	0.000002	0.000002	0.000002	0.000002	-11970.854
78600	2	1100	0.000002	0.000001	-11971.731
78700	3	1011	0.000002	0.000002	0.000001	-11970.484
78800	4	1111	0.000002	0.000001	0.000001	0.000000	-11970.010
78900	4	1111	0.000002	0.000001	0.000001	0.000000	-11969.317
79000	3	1011	0.000002	0.000002	0.000001	-11976.298
79100	2	1010	0.000002	0.000001	-11970.599
79200	4	1111	0.000002	0.000002	0.000001	0.000000	-11972.678
79300	3	1110	0.000002	0.000001	0.000001	-11972.711
79400	3	1011	0.000001	0.000001	0.000001	-11971.685
79500	4	1111	0.000001	0.000001	0.000001	0.000000	-11971.364
79600	3	1110	0.000002	0.000001	0.000000	-11972.125
79700	3	1011	0.000001	0.000001	0.000001	-11970.068
79800	3	1011	0.000002	0.000001	0.000001	-11972.842
79900	2	1010	0.000002	0.000001	-11969.725
80000	3	1011	0.000002	0.000002	0.000001	-11977.555
80100	3	1110	0.000002	0.000002	0.000002	-11969.591
80200	3	1110	0.000002	0.000001	0.000001	-11970.083
80300	4	1111	0.000002	0.000002	0.000001	0.000001	-11975.554
80400	1	1000	0.000002	-11972.483
80500	4	1111	0.000002	0.000000	0.000001	0.000001	-11971.481
80600	2	1010	0.000001	0.000001	-11973.466
80700	4	1111	0.000001	0.000001	0.000000	0.000000	-11973.535
80800	2	1100	0.000001	0.000000	-11970.909
80900	3	1011	0.000001	0.000001	0.000001	-11970.266
81000	4	1111	0.000001	0.000001	0.000001	0.000001	-11972.328
81100	3	1110	0.000001	0.000000	0.000001	-11971.446
81200	2	1100	0.000001	0.000001	-11969.825
81300	3	1110	0.000001	0.000001	0.000001	-11970.129
81400	4	1111	0.000001	0.000001	0.000001	0.000000	-11971.895
81500	2	1100	0.000001	0.000000	-11974.019
81600	3	1110	0.000001	0.000000	0.000000	-11972.146
81700	3	1011	0.000002	0.000001	0.000000	-11971.027
81800	4	1111	0.000002	0.000001	0.000001	0.000000	-11969.093
81900	3	1011	0.000002	0.000002	0.000002	-11970.512
82000	4	1111	0.000002	0.000001	0.000001	0.000001	-11980.060
82100	2	1100	0.000002	0.000000	-11970.103
82200	3	1110	0.000001	0.000001	0.000001	-11970.827
82300	4	1111	0.000002	0.000000	0.000001	0.000000	-11973.771
82400	2	1010	0.000002	0.000001	-11972.235
82500	4	1111	0.000002	0.000001	0.000001	0.000000	-11969.179
82600	2	1100	0.000001	0.000001	-11971.431
82700	4	1111	0.000001	0.000000	0.000001	0.000000	-11972.232
82800	3	1011	0.000001	0.000000	0.000000	-11971.170
82900	2	1010	0.000001	0.000001	-11974.706
83000	2	1010	0.000001	0.000000	-11969.439
83100	3	1011	0.000001	0.000001	0.000000	-11973.179
83200	3	1011	0.000001	0.000001	0.000000	-11971.781
83300	2	1100	0.000001	0.000000	-11977.991
83400	3	1110	0.000001	0.000000	0.000001	-11973.680
83500	4	1111	0.000001	0.000001	0.000001	0.000000	-11971.912
83600	2	1010	0.000001	0.000000	-11973.101
83700	1	1000	0.000001	-11969.817
83800	3	1110	0.000002	0.000000	0.000001	-11970.097
83900	4	1111	0.000002	0.000002	0.000002	0.000001	-11972.301
84000	4	1111	0.000002	0.000001	0.000001	0.000001	-11968.912
84100	4	1111	0.000002	0.000001	0.000001	0.000000	-11974.405
84200	4	1111	0.000002	0.000001	0.000001	0.000001	-11976.430
84300	4	1111	0.000002	0.000001	0.000001	0.000000	-11972.124
84400	4	1111	0.000002	0.000000	0.000001	0.000000	-11971.057
84500	4	1111	0.000002	0.000000	0.000001	0.000000	-11971.068
84600	2	1010	0.000002	0.000001	-11969.856
84700	4	1111	0.000002	0.000001	0.000001	0.000000	-11971.702
84800	3	1011	0.000002	0.000001	0.000000	-11971.912
84900	2	1010	0.000002	0.000001	-11970.871
85000	4	1111	0.000002	0.000002	0.000001	0.000001	-11970.871
85100	4	1111	0.000002	0.000001	0.000001	0.000001	-11972.059
85200	3	1011	0.000002	0.000001	0.000000	-11970.635
85300	4	1111	0.000002	0.000001	0.000001	0.000001	-11972.067
85400	4	1111	0.000002	0.000001	0.000001	0.000000	-11972.347
85500	1	1000	0.000002	-11974.028
85600	3	1110	0.000002	0.000001	0.000001	-11970.450
85700	2	1010	0.000002	0.000001	-11975.315
85800	3	1110	0.000002	0.000002	0.000002	-11970.842
85900	4	1111	0.000002	0.000001	0.000001	0.000001	-11971.987
86000	4	1111	0.000002	0.000000	0.000002	0.000001	-11976.074
86100	4	1111	0.000002	0.000001	0.000002	0.000001	-11975.334
86200	4	1111	0.000002	0.000002	0.000002	0.000001	-11972.628
86300	4	1111	0.000002	0.000001	0.000001	0.000001	-11977.558
86400	1	1000	0.000002	-11971.702
86500	3	1011	0.000003	0.000002	0.000000	-11976.718
86600	4	1111	0.000003	0.000000	0.000003	0.000000	-11975.447
86700	4	1111	0.000003	0.000000	0.000002	0.000002	-11971.359
86800	4	1111	0.000003	0.000000	0.000003	0.000001	-11977.392
86900	2	1010	0.000003	0.000003	-11968.914
87000	4	1111	0.000003	0.000001	0.000003	0.000001	-11975.758
87100	2	1010	0.000003	0.000000	-11970.122
87200	3	1110	0.000002	0.000002	0.000002	-11971.581
87300	2	1010	0.000002	0.000002	-11970.810
87400	4	1111	0.000002	0.000002	0.000001	0.000000	-11970.433
87500	3	1011	0.000002	0.000001	0.000001	-11975.475
87600	3	1011	0.000002	0.000001	0.000001	-11970.464
87700	3	1110	0.000002	0.000000	0.000001	-11971.471
87800	1	1000	0.000002	-11969.569
87900	3	1110	0.000002	0.000002	0.000001	-11974.489
88000	4	1111	0.000002	0.000001	0.000001	0.000000	-11969.666
88100	3	1011	0.000001	0.000001	0.000001	-11974.137
88200	3	1011	0.000001	0.000001	0.000000	-11972.586
88300	3	1011	0.000001	0.000001	0.000000	-11972.505
88400	1	1000	0.000001	-11969.730
88500	2	1100	0.000002	0.000001	-11969.176
88600	3	1011	0.000001	0.000001	0.000001	-11968.735
88700	3	1110	0.000002	0.000001	0.000001	-11969.439
88800	4	1111	0.000002	0.000001	0.000001	0.000001	-11970.783
88900	1	1000	0.000002	-11973.391
89000	1	1000	0.000002	-11971.912
89100	3	1011	0.000002	0.000001	0.000000	-11973.947
89200	4	1111	0.000002	0.000000	0.000001	0.000000	-11974.390
89300	4	1111	0.000002	0.000002	0.000002	0.000001	-11969.716
89400	2	1010	0.000002	0.000001	-11975.173
89500	2	1100	0.000002	0.000002	-11974.489
89600	4	1111	0.000003	0.000002	0.000002	0.000002	-11968.962
89700	4	1111	0.000003	0.000001	0.000001	0.000000	-11970.216
89800	3	1110	0.000003	0.000001	0.000002	-11971.021
89900	3	1110	0.000003	0.000002	0.000000	-11969.247
90000	2	1010	0.000003	0.000003	-11977.447
90100	1	1000	0.000003	-11971.375
90200	2	1010	0.000003	0.000002	-11972.060
90300	3	1110	0.000003	0.000001	0.000001	-11968.863
90400	1	1000	0.000003	-11968.997
90500	2	1100	0.000003	0.000002	-11972.443
90600	4	1111	0.000003	0.000003	0.000002	0.000002	-11974.462
90700	3	1011	0.000003	0.000003	0.000000	-11974.508
90800	3	1110	0.000004	0.000002	0.000001	-11970.772
90900	3	1110	0.000004	0.000001	0.000003	-11971.678
91000	4	1111	0.000003	0.000001	0.000001	0.000001	-11971.538
91100	3	1110	0.000003	0.000000	0.000003	-11972.428
91200	4	1111	0.000003	0.000002	0.000003	0.000001	-11971.464
91300	2	1100	0.000003	0.000002	-11970.429
91400	4	1111	0.000003	0.000001	0.000003	0.000001	-11972.740
91500	2	1100	0.000002	0.000002	-11970.002
91600	4	1111	0.000002	0.000002	0.000002	0.000002	-11969.162
91700	3	1110	0.000002	0.000002	0.000000	-11974.914
91800	1	1000	0.000002	-11973.116
91900	4	1111	0.000002	0.000002	0.000002	0.000000	-11969.644
92000	2	1100	0.000002	0.000002	-11969.271
92100	4	1111	0.000002	0.000001	0.000002	0.000001	-11972.424
92200	3	1110	0.000002	0.000002	0.000002	-11969.994
92300	2	1100	0.000003	0.000001	-11974.710
92400	4	1111	0.000003	0.000001	0.000003	0.000002	-11970.141
92500	2	1100	0.000004	0.000004	-11974.444
92600	2	1010	0.000004	0.000003	-11975.837
92700	2	1100	0.000005	0.000001	-11976.931
92800	2	1010	0.000005	0.000004	-11970.393
92900	4	1111	0.000004	0.000000	0.000002	0.000001	-11971.251
93000	1	1000	0.000004	-11972.482
93100	2	1100	0.000003	0.000003	-11975.305
93200	3	1110	0.000003	0.000001	0.000002	-11969.434
93300	4	1111	0.000004	0.000002	0.000003	0.000002	-11974.067
93400	2	1010	0.000003	0.000001	-11970.406
93500	2	1100	0.000003	0.000001	-11971.869
93600	3	1110	0.000002	0.000000	0.000001	-11971.625
93700	1	1000	0.000002	-11978.644
93800	3	1110	0.000002	0.000001	0.000001	-11972.965
93900	2	1100	0.000002	0.000002	-11972.902
94000	4	1111	0.000002	0.000001	0.000002	0.000001	-11971.183
94100	1	1000	0.000002	-11970.066
94200	4	1111	0.000002	0.000001	0.000002	0.000001	-11971.817
94300	4	1111	0.000002	0.000000	0.000002	0.000002	-11970.546
94400	4	1111	0.000002	0.000001	0.000001	0.000000	-11968.344
94500	2	1010	0.000002	0.000001	-11970.751
94600	4	1111	0.000002	0.000002	0.000001	0.000001	-11970.743
94700	4	1111	0.000002	0.000000	0.000002	0.000001	-11972.195
94800	4	1111	0.000002	0.000001	0.000001	0.000001	-11971.200
94900	3	1110	0.000002	0.000002	0.000002	-11971.678
95000	3	1011	0.000002	0.000002	0.000001	-11971.399
95100	4	1111	0.000002	0.000002	0.000001	0.000000	-11968.519
95200	1	1000	0.000002	-11970.523
95300	2	1010	0.000002	0.000000	-11974.146
95400	3	1110	0.000002	0.000002	0.000002	-11968.818
95500	3	1011	0.000002	0.000001	0.000001	-11975.515
95600	2	1010	0.000002	0.000001	-11972.156
95700	2	1100	0.000002	0.000002	-11977.505
95800	3	1011	0.000002	0.000001	0.000001	-11971.263
95900	3	1110	0.000002	0.000001	0.000001	-11976.416
96000	4	1111	0.000002	0.000000	0.000001	0.000001	-11969.662
96100	4	1111	0.000003	0.000000	0.000002	0.000002	-11970.762
96200	2	1010	0.000003	0.000002	-11971.061
96300	3	1011	0.000003	0.000002	0.000002	-11974.183
96400	3	1110	0.000002	0.000001	0.000002	-11970.485
96500	1	1000	0.000002	-11971.395
96600	4	1111	0.000002	0.000001	0.000001	0.000000	-11967.785
96700	3	1011	0.000002	0.000002	0.000002	-11971.849
96800	3	1011	0.000002	0.000001	0.000001	-11971.207
96900	3	1011	0.000002	0.000000	0.000000	-11969.406
97000	4	1111	0.000002	0.000002	0.000002	0.000000	-11969.306
97100	4	1111	0.000003	0.000001	0.000002	0.000001	-11971.020
97200	3	1011	0.000003	0.000003	0.000001	-11971.406
97300	2	1100	0.000004	0.000001	-11975.015
97400	4	1111	0.000004	0.000003	0.000003	0.000001	-11968.816
97500	3	1110	0.000003	0.000002	0.000002	-11968.769
97600	3	1011	0.000004	0.000003	0.000001	-11975.722
97700	4	1111	0.000003	0.000000	0.000003	0.000000	-11970.398
97800	3	1011	0.000004	0.000003	0.000003	-11969.870
97900	3	1110	0.000004	0.000003	0.000000	-11973.895
98000	3	1110	0.000004	0.000003	0.000003	-11970.319
98100	2	1010	0.000004	0.000001	-11970.100
98200	1	1000	0.000004	-11969.846
98300	3	1110	0.000003	0.000003	0.000003	-11970.773
98400	4	1111	0.000003	0.000003	0.000003	0.000002	-11970.763
98500	1	1000	0.000002	-11972.901
98600	3	1011	0.000003	0.000002	0.000001	-11969.370
98700	2	1100	0.000003	0.000003	-11971.615
98800	4	1111	0.000003	0.000000	0.000001	0.000000	-11973.142
98900	1	1000	0.000003	-11969.639
99000	3	1110	0.000004	0.000002	0.000003	-11971.735
99100	2	1100	0.000003	0.000002	-11969.106
99200	1	1000	0.000003	-11971.001
99300	2	1010	0.000003	0.000001	-11973.985
99400	3	1011	0.000003	0.000003	0.000001	-11975.555
99500	4	1111	0.000004	0.000002	0.000003	0.000003	-11969.911
99600	1	1000	0.000003	-11975.100
99700	2	1100	0.000003	0.000003	-11970.242
99800	3	1011	0.000003	0.000003	0.000003	-11969.335
99900	2	1010	0.000003	0.000003	-11974.203
100000	3	1011	0.000002	0.000001	0.000000	-11970.134
