Gen	np	tree	tau_6T3T1T4T5T2	tau_7T3T1T4T5	col1	tau_8T1T4T5	lnL
100	1	1000	0.0000	0.0000	0.0000	0.000010	-29179.233
200	4	1111	0.000010	0.000007	0.000007	0.000003	-29187.238
300	1	1000	0.0000	0.0000	0.0000	0.000006	-29188.955
400	2	1100	0.000004	0.0000	0.0000	0.000000	-29180.335
500	1	1000	0.0000	0.0000	0.0000	0.000003	-29193.509
600	2	1100	0.000004	0.0000	0.0000	0.000003	-29186.024
700	2	1100	0.000007	0.0000	0.0000	0.000001	-29188.554
800	4	1111	0.000008	0.000004	0.000002	0.000000	-29193.497
900	3	1110	0.000008	0.000005	0.0000	0.000004	-29182.371
1000	4	1111	0.000007	0.000004	0.000004	0.000002	-29178.975
1100	3	1110	0.000011	0.000010	0.0000	0.000008	-29174.918
1200	4	1111	0.000028	0.000023	0.000023	0.000018	-29175.758
1300	4	1111	0.000043	0.000027	0.000022	0.000005	-29195.588
1400	4	1111	0.000041	0.000036	0.000032	0.000026	-29179.939
1500	4	1111	0.000066	0.000052	0.000052	0.000010	-29188.159
1600	4	1111	0.000121	0.000112	0.000073	0.000019	-29180.106
1700	3	1110	0.000112	0.000089	0.0000	0.000070	-29175.903
1800	4	1111	0.000176	0.000161	0.000113	0.000047	-29177.911
1900	4	1111	0.000121	0.000079	0.000056	0.000014	-29177.098
2000	4	1111	0.000156	0.000116	0.000069	0.000026	-29180.593
2100	4	1111	0.000147	0.000120	0.000092	0.000053	-29179.872
2200	4	1111	0.000190	0.000171	0.000145	0.000086	-29178.672
2300	4	1111	0.000092	0.000066	0.000053	0.000037	-29182.269
2400	4	1111	0.000219	0.000194	0.000173	0.000089	-29181.436
2500	4	1111	0.000197	0.000179	0.000176	0.000083	-29180.857
2600	4	1111	0.000148	0.000135	0.000133	0.000070	-29181.590
2700	4	1111	0.000116	0.000100	0.000094	0.000088	-29176.988
2800	4	1111	0.000212	0.000191	0.000169	0.000133	-29179.518
2900	4	1111	0.000285	0.000249	0.000231	0.000174	-29185.141
3000	4	1111	0.000189	0.000167	0.000160	0.000131	-29181.746
3100	4	1111	0.000199	0.000183	0.000179	0.000109	-29177.965
3200	4	1111	0.000184	0.000167	0.000156	0.000099	-29179.274
3300	4	1111	0.000143	0.000119	0.000094	0.000006	-29183.530
3400	4	1111	0.000198	0.000171	0.000146	0.000064	-29181.397
3500	4	1111	0.000175	0.000136	0.000113	0.000099	-29179.979
3600	4	1111	0.000215	0.000172	0.000146	0.000087	-29180.790
3700	4	1111	0.000181	0.000171	0.000151	0.000080	-29182.464
3800	4	1111	0.000109	0.000091	0.000082	0.000050	-29178.294
3900	4	1111	0.000193	0.000167	0.000149	0.000133	-29181.779
4000	4	1111	0.000314	0.000240	0.000190	0.000176	-29178.489
4100	4	1111	0.000200	0.000114	0.000082	0.000064	-29182.967
4200	4	1111	0.000180	0.000116	0.000092	0.000046	-29177.785
4300	4	1111	0.000146	0.000089	0.000083	0.000041	-29183.742
4400	4	1111	0.000212	0.000168	0.000125	0.000054	-29180.970
4500	4	1111	0.000098	0.000059	0.000057	0.000031	-29178.027
4600	4	1111	0.000227	0.000189	0.000171	0.000126	-29183.290
4700	4	1111	0.000222	0.000196	0.000179	0.000132	-29178.997
4800	4	1111	0.000220	0.000211	0.000197	0.000132	-29175.825
4900	4	1111	0.000327	0.000299	0.000258	0.000178	-29184.688
5000	4	1111	0.000163	0.000123	0.000110	0.000071	-29184.126
5100	4	1111	0.000166	0.000122	0.000106	0.000071	-29182.708
5200	4	1111	0.000213	0.000115	0.000112	0.000087	-29179.753
5300	4	1111	0.000219	0.000122	0.000113	0.000077	-29181.054
5400	4	1111	0.000123	0.000086	0.000076	0.000046	-29182.376
5500	4	1111	0.000141	0.000117	0.000104	0.000042	-29181.580
5600	4	1111	0.000249	0.000236	0.000223	0.000063	-29178.407
5700	4	1111	0.000141	0.000117	0.000114	0.000064	-29181.888
5800	4	1111	0.000187	0.000163	0.000155	0.000096	-29178.576
5900	4	1111	0.000182	0.000132	0.000128	0.000097	-29179.492
6000	4	1111	0.000116	0.000088	0.000077	0.000058	-29180.660
6100	4	1111	0.000144	0.000126	0.000084	0.000073	-29181.072
6200	4	1111	0.000215	0.000187	0.000165	0.000098	-29177.728
6300	4	1111	0.000151	0.000134	0.000113	0.000082	-29181.795
6400	4	1111	0.000206	0.000138	0.000125	0.000097	-29182.208
6500	4	1111	0.000203	0.000173	0.000148	0.000093	-29182.374
6600	4	1111	0.000248	0.000168	0.000165	0.000073	-29182.151
6700	4	1111	0.000204	0.000154	0.000144	0.000085	-29178.401
6800	4	1111	0.000170	0.000134	0.000120	0.000062	-29184.042
6900	4	1111	0.000177	0.000139	0.000124	0.000054	-29181.005
7000	4	1111	0.000168	0.000119	0.000102	0.000051	-29177.951
7100	4	1111	0.000208	0.000156	0.000139	0.000065	-29184.413
7200	4	1111	0.000157	0.000127	0.000111	0.000072	-29180.959
7300	4	1111	0.000154	0.000132	0.000129	0.000087	-29185.297
7400	4	1111	0.000192	0.000162	0.000145	0.000104	-29177.564
7500	4	1111	0.000167	0.000133	0.000115	0.000098	-29184.566
7600	4	1111	0.000158	0.000144	0.000132	0.000109	-29182.024
7700	4	1111	0.000234	0.000199	0.000182	0.000121	-29182.608
7800	4	1111	0.000159	0.000138	0.000117	0.000068	-29182.105
7900	4	1111	0.000124	0.000101	0.000094	0.000049	-29180.641
8000	4	1111	0.000211	0.000187	0.000180	0.000100	-29182.846
8100	4	1111	0.000202	0.000171	0.000160	0.000110	-29184.026
8200	4	1111	0.000149	0.000135	0.000128	0.000096	-29182.476
8300	4	1111	0.000253	0.000222	0.000193	0.000125	-29180.451
8400	4	1111	0.000245	0.000212	0.000197	0.000160	-29178.814
8500	4	1111	0.000231	0.000223	0.000212	0.000155	-29184.438
8600	4	1111	0.000190	0.000178	0.000168	0.000128	-29184.577
8700	4	1111	0.000170	0.000160	0.000144	0.000114	-29186.356
8800	4	1111	0.000144	0.000123	0.000104	0.000072	-29180.823
8900	4	1111	0.000185	0.000157	0.000155	0.000107	-29181.942
9000	4	1111	0.000171	0.000146	0.000143	0.000088	-29182.834
9100	4	1111	0.000193	0.000148	0.000140	0.000069	-29179.603
9200	4	1111	0.000119	0.000101	0.000087	0.000041	-29176.113
9300	4	1111	0.000162	0.000129	0.000125	0.000058	-29175.882
9400	4	1111	0.000216	0.000194	0.000172	0.000104	-29181.581
9500	4	1111	0.000208	0.000187	0.000171	0.000116	-29179.768
9600	4	1111	0.000243	0.000236	0.000215	0.000192	-29181.663
9700	4	1111	0.000230	0.000217	0.000207	0.000183	-29180.126
9800	4	1111	0.000196	0.000186	0.000172	0.000146	-29177.123
9900	4	1111	0.000208	0.000186	0.000159	0.000128	-29183.740
10000	4	1111	0.000190	0.000151	0.000135	0.000073	-29178.785
10100	4	1111	0.000158	0.000137	0.000108	0.000039	-29186.134
10200	4	1111	0.000290	0.000222	0.000191	0.000090	-29177.004
10300	4	1111	0.000382	0.000267	0.000203	0.000105	-29178.162
10400	4	1111	0.000265	0.000207	0.000122	0.000073	-29175.709
10500	4	1111	0.000146	0.000102	0.000066	0.000035	-29183.864
10600	4	1111	0.000171	0.000129	0.000124	0.000053	-29177.703
10700	4	1111	0.000173	0.000148	0.000133	0.000066	-29179.689
10800	4	1111	0.000265	0.000246	0.000219	0.000109	-29180.508
10900	4	1111	0.000184	0.000150	0.000136	0.000023	-29180.575
11000	4	1111	0.000179	0.000159	0.000157	0.000052	-29183.607
11100	4	1111	0.000281	0.000265	0.000231	0.000085	-29180.791
11200	4	1111	0.000158	0.000134	0.000111	0.000038	-29181.566
11300	4	1111	0.000193	0.000163	0.000137	0.000016	-29180.651
11400	4	1111	0.000222	0.000181	0.000146	0.000071	-29180.892
11500	3	1110	0.000140	0.000120	0.0000	0.000106	-29177.169
11600	4	1111	0.000158	0.000136	0.000131	0.000029	-29183.581
11700	4	1111	0.000150	0.000137	0.000135	0.000056	-29176.944
11800	4	1111	0.000199	0.000165	0.000162	0.000035	-29185.082
11900	4	1111	0.000184	0.000173	0.000158	0.000058	-29177.160
12000	4	1111	0.000136	0.000109	0.000104	0.000073	-29180.711
12100	4	1111	0.000240	0.000232	0.000230	0.000193	-29184.000
12200	4	1111	0.000201	0.000186	0.000180	0.000115	-29178.895
12300	4	1111	0.000215	0.000157	0.000152	0.000086	-29180.315
12400	4	1111	0.000251	0.000214	0.000163	0.000107	-29185.215
12500	4	1111	0.000330	0.000284	0.000244	0.000173	-29180.875
12600	4	1111	0.000204	0.000180	0.000148	0.000117	-29180.542
12700	4	1111	0.000162	0.000117	0.000104	0.000077	-29186.039
12800	4	1111	0.000222	0.000150	0.000144	0.000089	-29180.878
12900	4	1111	0.000281	0.000221	0.000198	0.000176	-29178.723
13000	4	1111	0.000213	0.000172	0.000147	0.000110	-29178.821
13100	4	1111	0.000293	0.000280	0.000204	0.000060	-29181.375
13200	4	1111	0.000188	0.000154	0.000149	0.000055	-29178.783
13300	4	1111	0.000158	0.000126	0.000113	0.000073	-29177.548
13400	4	1111	0.000173	0.000152	0.000141	0.000090	-29182.151
13500	4	1111	0.000156	0.000132	0.000122	0.000075	-29182.701
13600	4	1111	0.000165	0.000147	0.000120	0.000075	-29182.058
13700	4	1111	0.000161	0.000150	0.000143	0.000070	-29184.550
13800	4	1111	0.000161	0.000138	0.000105	0.000068	-29178.839
13900	4	1111	0.000223	0.000212	0.000205	0.000112	-29181.065
14000	4	1111	0.000178	0.000156	0.000150	0.000113	-29182.299
14100	4	1111	0.000175	0.000140	0.000135	0.000101	-29177.832
14200	4	1111	0.000187	0.000146	0.000133	0.000092	-29185.167
14300	4	1111	0.000255	0.000153	0.000150	0.000099	-29181.338
14400	4	1111	0.000172	0.000145	0.000106	0.000037	-29180.546
14500	4	1111	0.000197	0.000178	0.000155	0.000026	-29182.964
14600	4	1111	0.000184	0.000159	0.000140	0.000040	-29179.173
14700	4	1111	0.000155	0.000120	0.000115	0.000016	-29179.549
14800	4	1111	0.000176	0.000106	0.000093	0.000034	-29183.925
14900	4	1111	0.000194	0.000155	0.000130	0.000043	-29179.013
15000	4	1111	0.000194	0.000150	0.000093	0.000010	-29182.526
15100	4	1111	0.000244	0.000202	0.000131	0.000028	-29180.159
15200	4	1111	0.000162	0.000151	0.000091	0.000056	-29188.990
15300	4	1111	0.000163	0.000137	0.000100	0.000058	-29176.983
15400	4	1111	0.000279	0.000265	0.000137	0.000060	-29179.959
15500	4	1111	0.000191	0.000160	0.000116	0.000052	-29179.784
15600	4	1111	0.000128	0.000106	0.000079	0.000028	-29183.473
15700	4	1111	0.000176	0.000125	0.000098	0.000032	-29181.558
15800	4	1111	0.000140	0.000113	0.000087	0.000046	-29180.377
15900	4	1111	0.000141	0.000113	0.000104	0.000017	-29179.068
16000	4	1111	0.000242	0.000207	0.000200	0.000139	-29180.752
16100	4	1111	0.000204	0.000168	0.000157	0.000083	-29182.331
16200	4	1111	0.000211	0.000187	0.000141	0.000090	-29183.479
16300	4	1111	0.000201	0.000163	0.000133	0.000102	-29175.837
16400	4	1111	0.000298	0.000244	0.000200	0.000167	-29179.753
16500	4	1111	0.000262	0.000224	0.000215	0.000161	-29180.990
16600	4	1111	0.000195	0.000175	0.000145	0.000102	-29183.980
16700	4	1111	0.000161	0.000153	0.000126	0.000089	-29184.092
16800	4	1111	0.000273	0.000200	0.000177	0.000133	-29183.398
16900	4	1111	0.000157	0.000146	0.000116	0.000064	-29181.292
17000	4	1111	0.000135	0.000107	0.000083	0.000044	-29180.535
17100	4	1111	0.000265	0.000242	0.000222	0.000106	-29183.512
17200	4	1111	0.000172	0.000165	0.000161	0.000109	-29180.902
17300	4	1111	0.000135	0.000106	0.000097	0.000062	-29177.668
17400	4	1111	0.000185	0.000147	0.000139	0.000113	-29183.259
17500	4	1111	0.000154	0.000136	0.000095	0.000085	-29179.055
17600	4	1111	0.000162	0.000137	0.000129	0.000082	-29178.700
17700	4	1111	0.000159	0.000149	0.000124	0.000099	-29177.140
17800	4	1111	0.000154	0.000134	0.000120	0.000079	-29181.120
17900	4	1111	0.000178	0.000155	0.000140	0.000068	-29182.736
18000	4	1111	0.000260	0.000205	0.000177	0.000138	-29185.732
18100	4	1111	0.000211	0.000193	0.000155	0.000099	-29182.279
18200	4	1111	0.000136	0.000108	0.000102	0.000040	-29181.495
18300	4	1111	0.000218	0.000200	0.000167	0.000098	-29179.028
18400	4	1111	0.000162	0.000150	0.000118	0.000080	-29177.327
18500	4	1111	0.000260	0.000249	0.000191	0.000141	-29182.567
18600	4	1111	0.000331	0.000314	0.000233	0.000093	-29178.963
18700	4	1111	0.000183	0.000153	0.000145	0.000096	-29181.778
18800	4	1111	0.000294	0.000228	0.000220	0.000147	-29184.126
18900	4	1111	0.000119	0.000110	0.000099	0.000069	-29183.040
19000	4	1111	0.000132	0.000110	0.000094	0.000053	-29179.670
19100	4	1111	0.000172	0.000138	0.000122	0.000061	-29178.718
19200	4	1111	0.000206	0.000167	0.000146	0.000091	-29182.673
19300	4	1111	0.000196	0.000181	0.000147	0.000111	-29178.616
19400	4	1111	0.000160	0.000149	0.000139	0.000075	-29178.051
19500	4	1111	0.000178	0.000163	0.000156	0.000082	-29180.753
19600	4	1111	0.000128	0.000113	0.000106	0.000062	-29180.072
19700	4	1111	0.000102	0.000098	0.000072	0.000047	-29180.209
19800	4	1111	0.000108	0.000097	0.000069	0.000043	-29185.738
19900	4	1111	0.000175	0.000135	0.000133	0.000065	-29181.409
20000	4	1111	0.000153	0.000143	0.000128	0.000045	-29175.188
20100	4	1111	0.000175	0.000160	0.000147	0.000055	-29182.622
20200	4	1111	0.000131	0.000118	0.000105	0.000064	-29178.432
20300	4	1111	0.000130	0.000102	0.000092	0.000058	-29178.555
20400	4	1111	0.000151	0.000129	0.000111	0.000042	-29182.049
20500	4	1111	0.000194	0.000185	0.000174	0.000046	-29180.919
20600	4	1111	0.000172	0.000157	0.000154	0.000070	-29182.871
20700	4	1111	0.000146	0.000135	0.000108	0.000039	-29179.876
20800	4	1111	0.000205	0.000185	0.000148	0.000032	-29184.770
20900	4	1111	0.000101	0.000083	0.000074	0.000053	-29181.176
21000	4	1111	0.000185	0.000150	0.000142	0.000102	-29183.241
21100	4	1111	0.000150	0.000122	0.000094	0.000052	-29179.120
21200	4	1111	0.000123	0.000113	0.000104	0.000069	-29180.977
21300	4	1111	0.000274	0.000213	0.000205	0.000098	-29184.600
21400	4	1111	0.000229	0.000179	0.000156	0.000086	-29177.563
21500	4	1111	0.000277	0.000165	0.000163	0.000077	-29180.002
21600	4	1111	0.000220	0.000153	0.000133	0.000056	-29185.322
21700	4	1111	0.000130	0.000096	0.000071	0.000045	-29184.632
21800	4	1111	0.000157	0.000148	0.000116	0.000020	-29186.305
21900	4	1111	0.000164	0.000116	0.000113	0.000037	-29182.792
22000	4	1111	0.000159	0.000149	0.000077	0.000038	-29184.578
22100	4	1111	0.000260	0.000237	0.000121	0.000082	-29179.541
22200	4	1111	0.000150	0.000103	0.000096	0.000058	-29180.667
22300	4	1111	0.000230	0.000181	0.000163	0.000123	-29181.767
22400	4	1111	0.000131	0.000102	0.000089	0.000071	-29182.995
22500	4	1111	0.000132	0.000114	0.000099	0.000053	-29180.831
22600	4	1111	0.000171	0.000134	0.000120	0.000058	-29186.919
22700	4	1111	0.000200	0.000181	0.000133	0.000084	-29182.228
22800	4	1111	0.000200	0.000173	0.000170	0.000084	-29180.732
22900	4	1111	0.000146	0.000115	0.000111	0.000055	-29183.505
23000	4	1111	0.000170	0.000154	0.000107	0.000050	-29181.553
23100	4	1111	0.000158	0.000130	0.000081	0.000026	-29177.118
23200	4	1111	0.000269	0.000244	0.000089	0.000043	-29180.813
23300	4	1111	0.000163	0.000135	0.000089	0.000026	-29180.111
23400	4	1111	0.000115	0.000106	0.000085	0.000046	-29187.267
23500	4	1111	0.000189	0.000152	0.000132	0.000057	-29177.545
23600	4	1111	0.000132	0.000085	0.000080	0.000037	-29184.602
23700	4	1111	0.000154	0.000094	0.000074	0.000032	-29181.705
23800	4	1111	0.000189	0.000132	0.000101	0.000052	-29183.202
23900	4	1111	0.000173	0.000153	0.000102	0.000044	-29180.845
24000	4	1111	0.000167	0.000132	0.000106	0.000060	-29178.900
24100	4	1111	0.000295	0.000278	0.000169	0.000066	-29180.082
24200	4	1111	0.000164	0.000141	0.000113	0.000051	-29178.199
24300	4	1111	0.000194	0.000164	0.000156	0.000073	-29179.457
24400	4	1111	0.000217	0.000197	0.000194	0.000097	-29183.752
24500	4	1111	0.000122	0.000117	0.000086	0.000041	-29185.243
24600	4	1111	0.000152	0.000136	0.000113	0.000043	-29179.501
24700	4	1111	0.000209	0.000182	0.000171	0.000040	-29182.757
24800	4	1111	0.000181	0.000151	0.000136	0.000032	-29180.957
24900	4	1111	0.000177	0.000158	0.000144	0.000085	-29184.729
25000	4	1111	0.000141	0.000106	0.000101	0.000083	-29178.504
25100	4	1111	0.000201	0.000184	0.000138	0.000112	-29181.457
25200	4	1111	0.000166	0.000155	0.000139	0.000071	-29178.939
25300	4	1111	0.000156	0.000135	0.000130	0.000069	-29179.808
25400	4	1111	0.000201	0.000185	0.000178	0.000079	-29181.699
25500	4	1111	0.000098	0.000088	0.000077	0.000027	-29177.410
25600	4	1111	0.000150	0.000132	0.000116	0.000082	-29181.335
25700	4	1111	0.000136	0.000114	0.000092	0.000017	-29183.858
25800	4	1111	0.000174	0.000138	0.000102	0.000045	-29182.381
25900	4	1111	0.000145	0.000122	0.000084	0.000046	-29184.103
26000	4	1111	0.000132	0.000110	0.000077	0.000038	-29180.764
26100	4	1111	0.000172	0.000162	0.000138	0.000076	-29186.575
26200	4	1111	0.000182	0.000166	0.000162	0.000088	-29184.257
26300	4	1111	0.000175	0.000144	0.000122	0.000080	-29183.316
26400	4	1111	0.000158	0.000154	0.000125	0.000069	-29182.662
26500	4	1111	0.000159	0.000134	0.000119	0.000057	-29182.998
26600	4	1111	0.000234	0.000204	0.000183	0.000080	-29185.285
26700	4	1111	0.000146	0.000135	0.000099	0.000034	-29184.293
26800	4	1111	0.000172	0.000148	0.000142	0.000054	-29182.768
26900	4	1111	0.000176	0.000163	0.000144	0.000069	-29183.804
27000	4	1111	0.000209	0.000176	0.000153	0.000032	-29184.332
27100	4	1111	0.000184	0.000141	0.000114	0.000075	-29187.189
27200	4	1111	0.000181	0.000158	0.000131	0.000085	-29182.540
27300	4	1111	0.000204	0.000180	0.000163	0.000132	-29178.047
27400	4	1111	0.000109	0.000094	0.000087	0.000059	-29181.147
27500	4	1111	0.000159	0.000145	0.000125	0.000079	-29180.533
27600	4	1111	0.000246	0.000235	0.000222	0.000176	-29181.347
27700	4	1111	0.000190	0.000156	0.000147	0.000113	-29185.140
27800	4	1111	0.000155	0.000144	0.000141	0.000058	-29185.369
27900	4	1111	0.000130	0.000117	0.000114	0.000065	-29178.977
28000	4	1111	0.000153	0.000128	0.000113	0.000061	-29179.739
28100	4	1111	0.000141	0.000124	0.000113	0.000061	-29186.096
28200	4	1111	0.000217	0.000209	0.000188	0.000099	-29180.773
28300	4	1111	0.000188	0.000162	0.000152	0.000081	-29178.938
28400	4	1111	0.000211	0.000195	0.000144	0.000058	-29180.445
28500	4	1111	0.000228	0.000201	0.000148	0.000039	-29182.663
28600	4	1111	0.000178	0.000152	0.000144	0.000051	-29181.925
28700	4	1111	0.000138	0.000133	0.000110	0.000040	-29184.818
28800	4	1111	0.000152	0.000113	0.000097	0.000034	-29183.801
28900	4	1111	0.000173	0.000119	0.000093	0.000024	-29181.217
29000	4	1111	0.000237	0.000183	0.000159	0.000043	-29181.205
29100	4	1111	0.000259	0.000215	0.000179	0.000114	-29178.182
29200	4	1111	0.000125	0.000097	0.000085	0.000063	-29185.595
29300	4	1111	0.000147	0.000116	0.000110	0.000087	-29179.321
29400	4	1111	0.000182	0.000159	0.000117	0.000094	-29177.833
29500	4	1111	0.000226	0.000199	0.000177	0.000084	-29183.023
29600	4	1111	0.000142	0.000110	0.000100	0.000062	-29184.429
29700	4	1111	0.000174	0.000150	0.000113	0.000070	-29181.579
29800	4	1111	0.000140	0.000113	0.000107	0.000045	-29178.536
29900	4	1111	0.000121	0.000111	0.000106	0.000019	-29179.035
30000	4	1111	0.000157	0.000147	0.000122	0.000042	-29180.162
30100	4	1111	0.000176	0.000155	0.000131	0.000059	-29187.245
30200	4	1111	0.000255	0.000229	0.000202	0.000083	-29183.247
30300	4	1111	0.000166	0.000145	0.000110	0.000058	-29178.766
30400	4	1111	0.000174	0.000145	0.000121	0.000103	-29181.690
30500	4	1111	0.000166	0.000141	0.000129	0.000087	-29186.292
30600	4	1111	0.000173	0.000151	0.000130	0.000099	-29184.522
30700	4	1111	0.000208	0.000193	0.000177	0.000127	-29185.004
30800	4	1111	0.000214	0.000202	0.000198	0.000126	-29185.900
30900	4	1111	0.000155	0.000134	0.000115	0.000074	-29182.282
31000	4	1111	0.000207	0.000185	0.000176	0.000099	-29182.629
31100	4	1111	0.000147	0.000142	0.000117	0.000078	-29180.843
31200	4	1111	0.000241	0.000229	0.000185	0.000119	-29177.891
31300	4	1111	0.000255	0.000207	0.000203	0.000142	-29180.193
31400	4	1111	0.000207	0.000196	0.000153	0.000088	-29180.260
31500	4	1111	0.000248	0.000199	0.000162	0.000120	-29184.320
31600	4	1111	0.000180	0.000146	0.000121	0.000064	-29182.804
31700	4	1111	0.000227	0.000206	0.000195	0.000088	-29183.467
31800	4	1111	0.000226	0.000194	0.000182	0.000040	-29177.676
31900	4	1111	0.000251	0.000198	0.000194	0.000063	-29178.010
32000	4	1111	0.000312	0.000260	0.000247	0.000039	-29176.381
32100	4	1111	0.000229	0.000202	0.000172	0.000035	-29175.265
32200	4	1111	0.000240	0.000195	0.000174	0.000077	-29183.107
32300	4	1111	0.000301	0.000209	0.000183	0.000082	-29181.816
32400	4	1111	0.000224	0.000162	0.000144	0.000089	-29177.005
32500	4	1111	0.000181	0.000117	0.000108	0.000071	-29180.527
32600	4	1111	0.000272	0.000221	0.000201	0.000077	-29178.724
32700	4	1111	0.000270	0.000211	0.000154	0.000080	-29179.009
32800	3	1110	0.000156	0.000123	0.0000	0.000096	-29180.220
32900	4	1111	0.000189	0.000180	0.000117	0.000051	-29179.297
33000	4	1111	0.000183	0.000178	0.000077	0.000030	-29179.394
33100	4	1111	0.000179	0.000154	0.000116	0.000042	-29180.584
33200	4	1111	0.000181	0.000166	0.000122	0.000042	-29183.930
33300	4	1111	0.000199	0.000176	0.000112	0.000074	-29181.351
33400	4	1111	0.000333	0.000276	0.000181	0.000146	-29179.981
33500	4	1111	0.000283	0.000239	0.000174	0.000098	-29180.262
33600	4	1111	0.000185	0.000184	0.000152	0.000056	-29177.269
33700	4	1111	0.000201	0.000185	0.000167	0.000068	-29182.127
33800	4	1111	0.000139	0.000104	0.000084	0.000062	-29182.521
33900	4	1111	0.000264	0.000230	0.000168	0.000065	-29178.113
34000	4	1111	0.000152	0.000117	0.000101	0.000042	-29175.082
34100	4	1111	0.000254	0.000221	0.000153	0.000033	-29183.270
34200	4	1111	0.000249	0.000209	0.000139	0.000070	-29182.789
34300	4	1111	0.000287	0.000272	0.000209	0.000083	-29174.616
34400	4	1111	0.000256	0.000237	0.000198	0.000037	-29178.609
34500	4	1111	0.000158	0.000144	0.000112	0.000061	-29179.238
34600	4	1111	0.000205	0.000195	0.000169	0.000040	-29180.624
34700	4	1111	0.000215	0.000198	0.000170	0.000067	-29183.188
34800	4	1111	0.000186	0.000176	0.000150	0.000062	-29183.846
34900	4	1111	0.000119	0.000113	0.000106	0.000039	-29179.369
35000	4	1111	0.000193	0.000177	0.000157	0.000094	-29182.167
35100	4	1111	0.000248	0.000211	0.000191	0.000076	-29179.952
35200	4	1111	0.000260	0.000248	0.000220	0.000107	-29182.862
35300	4	1111	0.000213	0.000203	0.000162	0.000082	-29184.879
35400	4	1111	0.000193	0.000178	0.000156	0.000105	-29180.348
35500	4	1111	0.000174	0.000152	0.000122	0.000096	-29178.440
35600	4	1111	0.000170	0.000139	0.000107	0.000099	-29183.573
35700	4	1111	0.000170	0.000140	0.000132	0.000067	-29183.507
35800	4	1111	0.000180	0.000139	0.000116	0.000067	-29182.605
35900	4	1111	0.000246	0.000223	0.000156	0.000121	-29184.339
36000	4	1111	0.000184	0.000170	0.000149	0.000104	-29180.961
36100	4	1111	0.000126	0.000114	0.000109	0.000016	-29177.242
36200	4	1111	0.000215	0.000180	0.000164	0.000052	-29184.481
36300	4	1111	0.000182	0.000154	0.000142	0.000065	-29182.778
36400	4	1111	0.000304	0.000255	0.000227	0.000089	-29182.803
36500	4	1111	0.000238	0.000196	0.000143	0.000043	-29187.061
36600	4	1111	0.000224	0.000194	0.000134	0.000055	-29178.677
36700	4	1111	0.000108	0.000086	0.000057	0.000020	-29177.987
36800	4	1111	0.000150	0.000140	0.000112	0.000040	-29182.642
36900	4	1111	0.000212	0.000160	0.000126	0.000031	-29179.842
37000	4	1111	0.000173	0.000160	0.000139	0.000076	-29184.458
37100	4	1111	0.000149	0.000120	0.000108	0.000042	-29177.347
37200	4	1111	0.000152	0.000145	0.000102	0.000070	-29181.565
37300	4	1111	0.000228	0.000210	0.000170	0.000071	-29184.274
37400	4	1111	0.000184	0.000151	0.000102	0.000046	-29180.454
37500	4	1111	0.000194	0.000169	0.000099	0.000061	-29180.605
37600	4	1111	0.000265	0.000249	0.000143	0.000057	-29181.590
37700	4	1111	0.000224	0.000206	0.000136	0.000044	-29179.909
37800	4	1111	0.000152	0.000128	0.000115	0.000033	-29178.549
37900	4	1111	0.000173	0.000155	0.000094	0.000037	-29184.274
38000	4	1111	0.000147	0.000123	0.000078	0.000050	-29178.898
38100	4	1111	0.000281	0.000241	0.000096	0.000055	-29179.662
38200	4	1111	0.000233	0.000174	0.000118	0.000060	-29177.455
38300	4	1111	0.000222	0.000207	0.000158	0.000080	-29182.797
38400	4	1111	0.000171	0.000150	0.000124	0.000083	-29182.544
38500	4	1111	0.000120	0.000103	0.000085	0.000037	-29178.268
38600	4	1111	0.000195	0.000157	0.000127	0.000077	-29178.998
38700	4	1111	0.000207	0.000176	0.000159	0.000076	-29185.599
38800	4	1111	0.000137	0.000119	0.000092	0.000059	-29180.135
38900	4	1111	0.000207	0.000193	0.000143	0.000108	-29176.838
39000	4	1111	0.000200	0.000177	0.000126	0.000064	-29183.637
39100	4	1111	0.000158	0.000136	0.000096	0.000004	-29182.724
39200	4	1111	0.000246	0.000221	0.000155	0.000065	-29179.992
39300	4	1111	0.000234	0.000191	0.000161	0.000059	-29186.552
39400	4	1111	0.000206	0.000158	0.000119	0.000079	-29176.826
39500	4	1111	0.000225	0.000200	0.000126	0.000073	-29183.009
39600	4	1111	0.000155	0.000133	0.000091	0.000053	-29184.706
39700	4	1111	0.000160	0.000147	0.000136	0.000096	-29185.018
39800	4	1111	0.000146	0.000127	0.000107	0.000102	-29180.209
39900	4	1111	0.000159	0.000147	0.000122	0.000104	-29181.808
40000	4	1111	0.000157	0.000120	0.000118	0.000078	-29187.706
40100	4	1111	0.000249	0.000234	0.000208	0.000152	-29177.654
40200	4	1111	0.000228	0.000197	0.000178	0.000110	-29179.739
40300	4	1111	0.000180	0.000160	0.000134	0.000085	-29177.949
40400	4	1111	0.000194	0.000173	0.000124	0.000103	-29173.388
40500	4	1111	0.000177	0.000157	0.000110	0.000075	-29182.490
40600	4	1111	0.000180	0.000155	0.000138	0.000058	-29181.579
40700	4	1111	0.000289	0.000267	0.000250	0.000103	-29186.177
40800	4	1111	0.000130	0.000123	0.000104	0.000055	-29181.852
40900	4	1111	0.000233	0.000210	0.000163	0.000093	-29180.000
41000	4	1111	0.000190	0.000173	0.000118	0.000079	-29180.729
41100	4	1111	0.000263	0.000220	0.000180	0.000129	-29180.930
41200	4	1111	0.000228	0.000171	0.000138	0.000087	-29183.832
41300	4	1111	0.000234	0.000193	0.000146	0.000083	-29182.207
41400	4	1111	0.000248	0.000223	0.000172	0.000129	-29177.965
41500	4	1111	0.000193	0.000161	0.000140	0.000098	-29181.484
41600	4	1111	0.000191	0.000174	0.000160	0.000109	-29180.963
41700	4	1111	0.000204	0.000178	0.000165	0.000112	-29181.459
41800	4	1111	0.000239	0.000225	0.000197	0.000159	-29180.058
41900	4	1111	0.000193	0.000156	0.000136	0.000092	-29176.600
42000	4	1111	0.000248	0.000236	0.000213	0.000139	-29181.716
42100	4	1111	0.000220	0.000183	0.000174	0.000098	-29186.565
42200	4	1111	0.000195	0.000172	0.000140	0.000113	-29180.350
42300	4	1111	0.000239	0.000211	0.000170	0.000146	-29185.283
42400	4	1111	0.000165	0.000152	0.000117	0.000085	-29179.031
42500	4	1111	0.000183	0.000173	0.000122	0.000079	-29179.356
42600	4	1111	0.000173	0.000146	0.000143	0.000074	-29180.823
42700	4	1111	0.000259	0.000224	0.000202	0.000119	-29181.598
42800	4	1111	0.000240	0.000235	0.000213	0.000151	-29180.405
42900	4	1111	0.000150	0.000144	0.000127	0.000078	-29180.866
43000	4	1111	0.000167	0.000149	0.000122	0.000079	-29184.667
43100	4	1111	0.000173	0.000163	0.000143	0.000098	-29183.447
43200	4	1111	0.000172	0.000163	0.000155	0.000111	-29182.802
43300	4	1111	0.000180	0.000165	0.000153	0.000118	-29182.569
43400	4	1111	0.000265	0.000231	0.000216	0.000129	-29179.524
43500	4	1111	0.000234	0.000199	0.000173	0.000121	-29187.337
43600	4	1111	0.000226	0.000203	0.000159	0.000142	-29185.528
43700	4	1111	0.000241	0.000194	0.000178	0.000159	-29181.125
43800	4	1111	0.000177	0.000137	0.000122	0.000099	-29180.004
43900	4	1111	0.000144	0.000133	0.000118	0.000068	-29184.802
44000	4	1111	0.000288	0.000281	0.000265	0.000131	-29176.498
44100	4	1111	0.000264	0.000254	0.000248	0.000107	-29181.539
44200	4	1111	0.000175	0.000167	0.000157	0.000043	-29183.063
44300	4	1111	0.000194	0.000170	0.000159	0.000073	-29182.078
44400	4	1111	0.000155	0.000140	0.000124	0.000078	-29176.273
44500	4	1111	0.000165	0.000151	0.000148	0.000034	-29176.501
44600	4	1111	0.000243	0.000238	0.000205	0.000071	-29181.155
44700	4	1111	0.000323	0.000319	0.000239	0.000074	-29179.058
44800	4	1111	0.000173	0.000171	0.000169	0.000050	-29184.497
44900	4	1111	0.000294	0.000286	0.000251	0.000063	-29180.453
45000	4	1111	0.000249	0.000241	0.000223	0.000062	-29175.448
45100	4	1111	0.000395	0.000376	0.000349	0.000150	-29186.439
45200	4	1111	0.000258	0.000254	0.000225	0.000133	-29179.569
45300	4	1111	0.000278	0.000269	0.000247	0.000163	-29179.754
45400	4	1111	0.000248	0.000234	0.000206	0.000132	-29184.811
45500	4	1111	0.000243	0.000237	0.000230	0.000111	-29185.045
45600	4	1111	0.000185	0.000175	0.000159	0.000099	-29184.103
45700	4	1111	0.000189	0.000182	0.000170	0.000129	-29179.954
45800	4	1111	0.000224	0.000219	0.000208	0.000136	-29179.668
45900	4	1111	0.000210	0.000197	0.000186	0.000102	-29180.407
46000	4	1111	0.000251	0.000248	0.000185	0.000143	-29184.937
46100	4	1111	0.000179	0.000175	0.000166	0.000108	-29186.747
46200	4	1111	0.000282	0.000278	0.000275	0.000181	-29185.824
46300	4	1111	0.000238	0.000235	0.000211	0.000112	-29184.588
46400	4	1111	0.000200	0.000185	0.000171	0.000106	-29182.214
46500	4	1111	0.000362	0.000358	0.000257	0.000200	-29184.231
46600	4	1111	0.000211	0.000205	0.000156	0.000132	-29181.827
46700	4	1111	0.000168	0.000163	0.000128	0.000087	-29187.363
46800	4	1111	0.000293	0.000237	0.000230	0.000173	-29182.326
46900	4	1111	0.000325	0.000288	0.000257	0.000159	-29181.849
47000	4	1111	0.000207	0.000183	0.000172	0.000081	-29181.119
47100	4	1111	0.000279	0.000273	0.000213	0.000099	-29181.564
47200	4	1111	0.000254	0.000206	0.000187	0.000092	-29180.403
47300	4	1111	0.000288	0.000256	0.000223	0.000113	-29179.453
47400	4	1111	0.000192	0.000168	0.000139	0.000071	-29181.985
47500	4	1111	0.000273	0.000239	0.000217	0.000110	-29182.877
47600	4	1111	0.000288	0.000267	0.000231	0.000141	-29183.242
47700	4	1111	0.000274	0.000263	0.000238	0.000136	-29181.078
47800	4	1111	0.000377	0.000370	0.000356	0.000175	-29183.912
47900	4	1111	0.000364	0.000353	0.000321	0.000147	-29180.596
48000	4	1111	0.000300	0.000274	0.000254	0.000072	-29182.424
48100	4	1111	0.000202	0.000194	0.000166	0.000053	-29180.893
48200	4	1111	0.000359	0.000352	0.000265	0.000030	-29181.308
48300	4	1111	0.000383	0.000348	0.000285	0.000078	-29180.412
48400	4	1111	0.000371	0.000364	0.000247	0.000069	-29182.307
48500	4	1111	0.000246	0.000228	0.000168	0.000047	-29176.346
48600	4	1111	0.000209	0.000198	0.000156	0.000041	-29179.817
48700	4	1111	0.000260	0.000219	0.000202	0.000054	-29183.561
48800	4	1111	0.000290	0.000278	0.000171	0.000092	-29180.448
48900	4	1111	0.000329	0.000292	0.000215	0.000116	-29184.277
49000	4	1111	0.000224	0.000207	0.000156	0.000095	-29183.616
49100	4	1111	0.000228	0.000168	0.000146	0.000094	-29184.149
49200	4	1111	0.000295	0.000269	0.000210	0.000144	-29180.983
49300	4	1111	0.000179	0.000146	0.000112	0.000095	-29183.331
49400	4	1111	0.000337	0.000309	0.000260	0.000161	-29185.240
49500	4	1111	0.000297	0.000264	0.000220	0.000108	-29184.303
49600	4	1111	0.000326	0.000299	0.000181	0.000131	-29178.740
49700	4	1111	0.000229	0.000185	0.000143	0.000085	-29180.021
49800	4	1111	0.000265	0.000204	0.000154	0.000084	-29179.619
49900	4	1111	0.000276	0.000242	0.000135	0.000114	-29180.402
50000	4	1111	0.000205	0.000192	0.000112	0.000089	-29180.530
50100	4	1111	0.000269	0.000247	0.000164	0.000092	-29182.603
50200	4	1111	0.000231	0.000201	0.000162	0.000071	-29178.247
50300	4	1111	0.000222	0.000202	0.000143	0.000063	-29181.343
50400	4	1111	0.000301	0.000291	0.000194	0.000101	-29185.364
50500	4	1111	0.000180	0.000175	0.000112	0.000093	-29179.062
50600	4	1111	0.000128	0.000107	0.000095	0.000067	-29182.786
50700	4	1111	0.000154	0.000146	0.000109	0.000091	-29181.893
50800	4	1111	0.000160	0.000145	0.000118	0.000083	-29183.618
50900	4	1111	0.000161	0.000140	0.000124	0.000112	-29180.931
51000	4	1111	0.000187	0.000178	0.000153	0.000141	-29186.364
51100	4	1111	0.000213	0.000186	0.000182	0.000140	-29178.893
51200	4	1111	0.000210	0.000189	0.000174	0.000150	-29177.673
51300	4	1111	0.000200	0.000177	0.000154	0.000114	-29182.721
51400	4	1111	0.000157	0.000135	0.000101	0.000077	-29186.105
51500	4	1111	0.000212	0.000172	0.000154	0.000074	-29183.883
51600	4	1111	0.000227	0.000188	0.000136	0.000045	-29177.209
51700	4	1111	0.000461	0.000424	0.000336	0.000133	-29181.343
51800	4	1111	0.000235	0.000181	0.000145	0.000064	-29179.470
51900	3	1110	0.000143	0.000135	0.0000	0.000102	-29184.250
52000	4	1111	0.000257	0.000217	0.000184	0.000092	-29184.759
52100	4	1111	0.000219	0.000199	0.000176	0.000050	-29181.620
52200	4	1111	0.000235	0.000206	0.000192	0.000071	-29182.330
52300	4	1111	0.000223	0.000210	0.000171	0.000008	-29177.720
52400	4	1111	0.000196	0.000175	0.000153	0.000050	-29185.275
52500	4	1111	0.000247	0.000224	0.000181	0.000041	-29180.692
52600	4	1111	0.000230	0.000198	0.000178	0.000039	-29181.873
52700	4	1111	0.000303	0.000291	0.000221	0.000060	-29175.118
52800	4	1111	0.000170	0.000135	0.000125	0.000051	-29179.431
52900	4	1111	0.000230	0.000218	0.000178	0.000102	-29179.511
53000	4	1111	0.000298	0.000266	0.000237	0.000110	-29186.648
53100	4	1111	0.000232	0.000201	0.000193	0.000056	-29178.419
53200	4	1111	0.000265	0.000252	0.000214	0.000074	-29178.889
53300	4	1111	0.000229	0.000194	0.000188	0.000088	-29184.016
53400	4	1111	0.000206	0.000185	0.000182	0.000100	-29184.401
53500	4	1111	0.000235	0.000201	0.000190	0.000142	-29180.732
53600	4	1111	0.000174	0.000147	0.000138	0.000108	-29184.395
53700	4	1111	0.000251	0.000246	0.000212	0.000145	-29184.509
53800	4	1111	0.000232	0.000214	0.000187	0.000133	-29177.355
53900	4	1111	0.000305	0.000293	0.000234	0.000171	-29180.101
54000	4	1111	0.000160	0.000132	0.000107	0.000076	-29178.368
54100	4	1111	0.000192	0.000175	0.000170	0.000090	-29180.809
54200	4	1111	0.000262	0.000228	0.000194	0.000093	-29182.342
54300	4	1111	0.000253	0.000218	0.000194	0.000081	-29182.854
54400	4	1111	0.000268	0.000235	0.000198	0.000094	-29181.650
54500	4	1111	0.000269	0.000223	0.000172	0.000116	-29183.225
54600	4	1111	0.000252	0.000237	0.000212	0.000111	-29181.499
54700	4	1111	0.000327	0.000301	0.000251	0.000144	-29185.508
54800	4	1111	0.000232	0.000209	0.000176	0.000111	-29177.749
54900	4	1111	0.000268	0.000255	0.000200	0.000082	-29174.422
55000	4	1111	0.000290	0.000265	0.000240	0.000083	-29180.095
55100	4	1111	0.000278	0.000244	0.000221	0.000111	-29180.043
55200	4	1111	0.000291	0.000286	0.000250	0.000164	-29184.930
55300	4	1111	0.000296	0.000271	0.000266	0.000164	-29176.604
55400	4	1111	0.000295	0.000276	0.000256	0.000142	-29181.492
55500	4	1111	0.000132	0.000114	0.000085	0.000067	-29181.914
55600	4	1111	0.000312	0.000304	0.000181	0.000120	-29181.684
55700	4	1111	0.000198	0.000190	0.000116	0.000069	-29180.837
55800	4	1111	0.000191	0.000182	0.000142	0.000058	-29183.828
55900	4	1111	0.000236	0.000211	0.000175	0.000052	-29181.394
56000	4	1111	0.000309	0.000288	0.000263	0.000118	-29180.807
56100	4	1111	0.000235	0.000224	0.000184	0.000066	-29183.338
56200	4	1111	0.000120	0.000109	0.000086	0.000025	-29182.488
56300	4	1111	0.000230	0.000186	0.000172	0.000067	-29184.998
56400	4	1111	0.000199	0.000175	0.000144	0.000058	-29181.463
56500	4	1111	0.000298	0.000267	0.000223	0.000155	-29179.423
56600	4	1111	0.000096	0.000081	0.000076	0.000045	-29184.369
56700	4	1111	0.000267	0.000261	0.000230	0.000166	-29180.778
56800	4	1111	0.000215	0.000205	0.000163	0.000122	-29180.751
56900	4	1111	0.000179	0.000164	0.000132	0.000124	-29185.230
57000	4	1111	0.000242	0.000212	0.000183	0.000175	-29183.543
57100	4	1111	0.000166	0.000155	0.000147	0.000126	-29188.182
57200	4	1111	0.000217	0.000210	0.000198	0.000190	-29185.123
57300	4	1111	0.000237	0.000225	0.000215	0.000157	-29181.426
57400	4	1111	0.000196	0.000189	0.000174	0.000132	-29181.610
57500	4	1111	0.000193	0.000187	0.000169	0.000136	-29180.832
57600	4	1111	0.000154	0.000149	0.000136	0.000109	-29184.061
57700	4	1111	0.000161	0.000144	0.000125	0.000113	-29179.843
57800	4	1111	0.000221	0.000201	0.000192	0.000134	-29179.647
57900	4	1111	0.000235	0.000217	0.000192	0.000141	-29182.757
58000	4	1111	0.000161	0.000146	0.000116	0.000109	-29178.703
58100	4	1111	0.000171	0.000165	0.000122	0.000107	-29180.291
58200	4	1111	0.000183	0.000164	0.000152	0.000127	-29180.124
58300	4	1111	0.000155	0.000148	0.000135	0.000095	-29182.986
58400	4	1111	0.000151	0.000137	0.000125	0.000098	-29184.997
58500	4	1111	0.000178	0.000170	0.000146	0.000100	-29183.753
58600	4	1111	0.000153	0.000148	0.000134	0.000082	-29180.086
58700	4	1111	0.000156	0.000151	0.000134	0.000091	-29180.125
58800	4	1111	0.000111	0.000105	0.000080	0.000072	-29181.302
58900	4	1111	0.000202	0.000193	0.000153	0.000141	-29180.419
59000	4	1111	0.000123	0.000115	0.000106	0.000088	-29180.652
59100	4	1111	0.000204	0.000185	0.000178	0.000149	-29185.368
59200	4	1111	0.000177	0.000154	0.000141	0.000075	-29183.094
59300	4	1111	0.000226	0.000216	0.000211	0.000064	-29184.359
59400	4	1111	0.000225	0.000215	0.000174	0.000083	-29182.471
59500	4	1111	0.000260	0.000249	0.000187	0.000094	-29178.155
59600	4	1111	0.000198	0.000193	0.000127	0.000062	-29183.103
59700	4	1111	0.000087	0.000072	0.000056	0.000048	-29182.518
59800	4	1111	0.000187	0.000175	0.000161	0.000115	-29187.178
59900	4	1111	0.000156	0.000153	0.000122	0.000118	-29181.991
60000	4	1111	0.000217	0.000213	0.000160	0.000142	-29182.031
60100	4	1111	0.000174	0.000159	0.000121	0.000113	-29178.209
60200	4	1111	0.000224	0.000195	0.000156	0.000147	-29179.779
60300	4	1111	0.000218	0.000203	0.000159	0.000150	-29179.035
60400	4	1111	0.000224	0.000189	0.000180	0.000173	-29182.682
60500	4	1111	0.000185	0.000162	0.000131	0.000109	-29177.332
60600	4	1111	0.000200	0.000187	0.000175	0.000147	-29183.475
60700	4	1111	0.000147	0.000139	0.000132	0.000094	-29180.224
60800	4	1111	0.000187	0.000171	0.000141	0.000135	-29179.666
60900	4	1111	0.000237	0.000214	0.000151	0.000143	-29181.780
61000	4	1111	0.000129	0.000114	0.000089	0.000077	-29182.579
61100	4	1111	0.000148	0.000132	0.000112	0.000079	-29179.782
61200	4	1111	0.000232	0.000212	0.000160	0.000116	-29179.237
61300	4	1111	0.000203	0.000188	0.000151	0.000133	-29179.250
61400	4	1111	0.000208	0.000195	0.000162	0.000139	-29178.490
61500	4	1111	0.000281	0.000246	0.000214	0.000189	-29177.243
61600	4	1111	0.000275	0.000268	0.000245	0.000202	-29182.225
61700	4	1111	0.000267	0.000225	0.000219	0.000204	-29180.792
61800	4	1111	0.000243	0.000226	0.000179	0.000176	-29181.880
61900	4	1111	0.000234	0.000219	0.000182	0.000158	-29176.998
62000	4	1111	0.000201	0.000168	0.000154	0.000142	-29176.342
62100	4	1111	0.000170	0.000150	0.000143	0.000098	-29178.755
62200	4	1111	0.000264	0.000256	0.000166	0.000131	-29182.410
62300	4	1111	0.000301	0.000249	0.000175	0.000137	-29180.864
62400	4	1111	0.000291	0.000257	0.000193	0.000157	-29182.224
62500	4	1111	0.000266	0.000230	0.000159	0.000117	-29184.578
62600	4	1111	0.000304	0.000288	0.000191	0.000168	-29180.518
62700	4	1111	0.000188	0.000167	0.000132	0.000118	-29178.359
62800	4	1111	0.000216	0.000208	0.000150	0.000125	-29179.718
62900	4	1111	0.000238	0.000225	0.000203	0.000126	-29181.973
63000	4	1111	0.000352	0.000339	0.000327	0.000233	-29179.866
63100	4	1111	0.000192	0.000190	0.000167	0.000140	-29182.553
63200	4	1111	0.000255	0.000246	0.000220	0.000169	-29182.768
63300	4	1111	0.000203	0.000200	0.000154	0.000149	-29180.890
63400	4	1111	0.000242	0.000232	0.000156	0.000146	-29180.976
63500	4	1111	0.000455	0.000446	0.000287	0.000264	-29181.540
63600	4	1111	0.000161	0.000151	0.000106	0.000102	-29180.939
63700	4	1111	0.000307	0.000301	0.000237	0.000198	-29183.087
63800	4	1111	0.000264	0.000233	0.000205	0.000127	-29182.144
63900	4	1111	0.000229	0.000201	0.000184	0.000107	-29182.987
64000	4	1111	0.000224	0.000196	0.000177	0.000140	-29178.296
64100	4	1111	0.000226	0.000203	0.000180	0.000118	-29184.008
64200	4	1111	0.000258	0.000251	0.000237	0.000145	-29180.644
64300	4	1111	0.000231	0.000202	0.000164	0.000135	-29180.843
64400	4	1111	0.000384	0.000309	0.000271	0.000255	-29181.934
64500	4	1111	0.000337	0.000249	0.000227	0.000133	-29181.303
64600	4	1111	0.000197	0.000171	0.000116	0.000109	-29177.047
64700	4	1111	0.000259	0.000234	0.000182	0.000160	-29182.613
64800	4	1111	0.000233	0.000207	0.000165	0.000135	-29178.624
64900	4	1111	0.000307	0.000288	0.000239	0.000183	-29177.255
65000	4	1111	0.000201	0.000189	0.000173	0.000128	-29179.450
65100	4	1111	0.000219	0.000201	0.000166	0.000151	-29178.781
65200	4	1111	0.000124	0.000111	0.000083	0.000078	-29182.507
65300	4	1111	0.000163	0.000153	0.000130	0.000110	-29183.674
65400	4	1111	0.000328	0.000322	0.000245	0.000194	-29178.618
65500	4	1111	0.000168	0.000148	0.000117	0.000084	-29176.760
65600	4	1111	0.000176	0.000171	0.000142	0.000118	-29187.352
65700	4	1111	0.000133	0.000125	0.000084	0.000078	-29182.127
65800	4	1111	0.000235	0.000222	0.000170	0.000160	-29184.883
65900	4	1111	0.000249	0.000240	0.000209	0.000176	-29185.300
66000	4	1111	0.000307	0.000304	0.000283	0.000275	-29183.473
66100	4	1111	0.000173	0.000159	0.000137	0.000121	-29177.600
66200	4	1111	0.000296	0.000275	0.000244	0.000181	-29180.268
66300	4	1111	0.000153	0.000144	0.000104	0.000075	-29180.889
66400	4	1111	0.000187	0.000172	0.000116	0.000108	-29181.923
66500	4	1111	0.000339	0.000327	0.000227	0.000205	-29181.222
66600	4	1111	0.000229	0.000217	0.000175	0.000147	-29180.472
66700	4	1111	0.000140	0.000130	0.000106	0.000105	-29183.228
66800	4	1111	0.000170	0.000144	0.000124	0.000116	-29180.755
66900	4	1111	0.000251	0.000231	0.000203	0.000191	-29182.557
67000	4	1111	0.000163	0.000151	0.000134	0.000102	-29182.396
67100	4	1111	0.000196	0.000181	0.000158	0.000140	-29182.431
67200	4	1111	0.000199	0.000191	0.000151	0.000129	-29177.906
67300	4	1111	0.000263	0.000255	0.000245	0.000160	-29182.534
67400	4	1111	0.000216	0.000208	0.000189	0.000138	-29180.610
67500	4	1111	0.000230	0.000218	0.000200	0.000149	-29184.823
67600	4	1111	0.000188	0.000153	0.000140	0.000131	-29182.696
67700	4	1111	0.000240	0.000169	0.000148	0.000132	-29184.164
67800	4	1111	0.000148	0.000107	0.000096	0.000082	-29184.247
67900	4	1111	0.000229	0.000194	0.000175	0.000168	-29181.840
68000	4	1111	0.000138	0.000121	0.000098	0.000088	-29184.369
68100	4	1111	0.000171	0.000154	0.000129	0.000129	-29178.846
68200	4	1111	0.000223	0.000191	0.000183	0.000170	-29180.249
68300	4	1111	0.000179	0.000157	0.000131	0.000106	-29184.287
68400	4	1111	0.000229	0.000218	0.000212	0.000151	-29183.778
68500	4	1111	0.000190	0.000179	0.000169	0.000149	-29179.473
68600	4	1111	0.000193	0.000182	0.000162	0.000147	-29186.323
68700	4	1111	0.000300	0.000275	0.000261	0.000238	-29185.529
68800	4	1111	0.000299	0.000271	0.000252	0.000175	-29184.747
68900	4	1111	0.000165	0.000149	0.000125	0.000075	-29186.785
69000	4	1111	0.000205	0.000196	0.000169	0.000103	-29180.340
69100	4	1111	0.000252	0.000239	0.000222	0.000132	-29184.780
69200	4	1111	0.000196	0.000171	0.000157	0.000097	-29183.120
69300	4	1111	0.000251	0.000205	0.000181	0.000132	-29181.798
69400	4	1111	0.000294	0.000251	0.000191	0.000113	-29179.955
69500	4	1111	0.000246	0.000212	0.000172	0.000078	-29178.477
69600	4	1111	0.000284	0.000257	0.000223	0.000074	-29186.110
69700	4	1111	0.000293	0.000263	0.000248	0.000078	-29181.198
69800	4	1111	0.000400	0.000351	0.000338	0.000095	-29184.353
69900	4	1111	0.000272	0.000264	0.000251	0.000067	-29180.295
70000	4	1111	0.000530	0.000522	0.000497	0.000146	-29177.759
70100	4	1111	0.000286	0.000262	0.000242	0.000076	-29178.272
70200	4	1111	0.000372	0.000360	0.000297	0.000104	-29177.622
70300	4	1111	0.000211	0.000186	0.000158	0.000056	-29181.987
70400	4	1111	0.000213	0.000157	0.000142	0.000062	-29183.338
70500	4	1111	0.000244	0.000181	0.000155	0.000084	-29179.779
70600	4	1111	0.000262	0.000227	0.000197	0.000102	-29177.867
70700	4	1111	0.000307	0.000269	0.000239	0.000111	-29179.205
70800	4	1111	0.000459	0.000441	0.000418	0.000225	-29179.333
70900	4	1111	0.000197	0.000177	0.000160	0.000103	-29185.998
71000	4	1111	0.000192	0.000189	0.000162	0.000119	-29184.309
71100	4	1111	0.000307	0.000274	0.000223	0.000216	-29182.252
71200	4	1111	0.000310	0.000291	0.000211	0.000168	-29183.005
71300	4	1111	0.000194	0.000163	0.000150	0.000077	-29183.262
71400	4	1111	0.000308	0.000278	0.000238	0.000138	-29183.683
71500	4	1111	0.000228	0.000207	0.000161	0.000089	-29178.745
71600	4	1111	0.000397	0.000386	0.000310	0.000189	-29183.348
71700	4	1111	0.000174	0.000161	0.000136	0.000081	-29182.617
71800	4	1111	0.000197	0.000162	0.000134	0.000113	-29182.292
71900	4	1111	0.000203	0.000172	0.000147	0.000131	-29182.602
72000	4	1111	0.000287	0.000245	0.000234	0.000211	-29183.470
72100	4	1111	0.000239	0.000225	0.000173	0.000141	-29184.835
72200	4	1111	0.000252	0.000237	0.000148	0.000144	-29185.749
72300	4	1111	0.000324	0.000286	0.000210	0.000192	-29176.730
72400	4	1111	0.000272	0.000216	0.000185	0.000177	-29178.491
72500	4	1111	0.000382	0.000373	0.000317	0.000283	-29178.825
72600	4	1111	0.000254	0.000245	0.000219	0.000206	-29180.953
72700	4	1111	0.000271	0.000257	0.000233	0.000207	-29183.280
72800	4	1111	0.000250	0.000246	0.000178	0.000176	-29182.086
72900	4	1111	0.000198	0.000191	0.000166	0.000141	-29178.387
73000	4	1111	0.000315	0.000297	0.000233	0.000221	-29183.562
73100	4	1111	0.000352	0.000333	0.000262	0.000240	-29184.315
73200	4	1111	0.000455	0.000394	0.000333	0.000267	-29181.664
73300	4	1111	0.000250	0.000221	0.000177	0.000136	-29182.387
73400	4	1111	0.000197	0.000187	0.000119	0.000113	-29179.232
73500	4	1111	0.000246	0.000221	0.000150	0.000136	-29182.233
73600	4	1111	0.000237	0.000223	0.000178	0.000155	-29178.653
73700	4	1111	0.000386	0.000296	0.000266	0.000253	-29183.675
73800	4	1111	0.000326	0.000281	0.000238	0.000220	-29180.179
73900	4	1111	0.000352	0.000314	0.000283	0.000242	-29177.964
74000	4	1111	0.000253	0.000209	0.000187	0.000159	-29179.958
74100	4	1111	0.000204	0.000185	0.000169	0.000133	-29177.903
74200	4	1111	0.000301	0.000253	0.000232	0.000162	-29179.465
74300	4	1111	0.000361	0.000311	0.000296	0.000157	-29181.951
74400	4	1111	0.000348	0.000316	0.000312	0.000118	-29181.353
74500	4	1111	0.000334	0.000310	0.000265	0.000132	-29177.596
74600	4	1111	0.000220	0.000204	0.000157	0.000083	-29180.120
74700	4	1111	0.000267	0.000248	0.000197	0.000119	-29182.357
74800	4	1111	0.000539	0.000465	0.000464	0.000167	-29179.326
74900	4	1111	0.000252	0.000233	0.000231	0.000072	-29178.728
75000	4	1111	0.000266	0.000247	0.000241	0.000088	-29178.972
75100	4	1111	0.000307	0.000296	0.000283	0.000115	-29174.693
75200	4	1111	0.000295	0.000278	0.000253	0.000118	-29183.433
75300	4	1111	0.000229	0.000219	0.000217	0.000059	-29176.490
75400	4	1111	0.000460	0.000436	0.000433	0.000109	-29178.373
75500	4	1111	0.000476	0.000452	0.000418	0.000125	-29177.371
75600	4	1111	0.000348	0.000305	0.000300	0.000097	-29177.430
75700	4	1111	0.000243	0.000208	0.000173	0.000054	-29179.522
75800	4	1111	0.000322	0.000234	0.000196	0.000098	-29174.852
75900	4	1111	0.000278	0.000157	0.000149	0.000105	-29178.817
76000	4	1111	0.000447	0.000266	0.000266	0.000196	-29183.062
76100	4	1111	0.000385	0.000245	0.000240	0.000229	-29179.086
76200	4	1111	0.000288	0.000176	0.000173	0.000134	-29180.335
76300	4	1111	0.000201	0.000146	0.000134	0.000095	-29183.646
76400	4	1111	0.000232	0.000158	0.000157	0.000100	-29183.954
76500	4	1111	0.000238	0.000207	0.000188	0.000159	-29178.386
76600	4	1111	0.000224	0.000203	0.000193	0.000142	-29178.407
76700	4	1111	0.000333	0.000317	0.000283	0.000212	-29182.352
76800	4	1111	0.000334	0.000309	0.000303	0.000276	-29178.426
76900	4	1111	0.000213	0.000204	0.000203	0.000175	-29179.500
77000	4	1111	0.000250	0.000231	0.000195	0.000158	-29181.883
77100	4	1111	0.000173	0.000152	0.000149	0.000114	-29182.554
77200	4	1111	0.000199	0.000181	0.000176	0.000115	-29184.526
77300	4	1111	0.000216	0.000208	0.000208	0.000120	-29182.805
77400	4	1111	0.000237	0.000224	0.000212	0.000128	-29178.274
77500	4	1111	0.000285	0.000268	0.000262	0.000113	-29179.407
77600	4	1111	0.000215	0.000185	0.000164	0.000060	-29176.641
77700	4	1111	0.000221	0.000206	0.000148	0.000070	-29177.277
77800	4	1111	0.000336	0.000318	0.000240	0.000102	-29177.832
77900	4	1111	0.000309	0.000292	0.000233	0.000074	-29176.877
78000	4	1111	0.000248	0.000221	0.000149	0.000077	-29179.659
78100	4	1111	0.000349	0.000321	0.000175	0.000149	-29181.108
78200	4	1111	0.000257	0.000228	0.000112	0.000066	-29180.060
78300	4	1111	0.000277	0.000243	0.000156	0.000096	-29177.906
78400	4	1111	0.000170	0.000166	0.000111	0.000051	-29179.833
78500	4	1111	0.000259	0.000221	0.000205	0.000085	-29176.618
78600	4	1111	0.000235	0.000193	0.000192	0.000059	-29181.674
78700	4	1111	0.000277	0.000258	0.000204	0.000104	-29178.051
78800	4	1111	0.000203	0.000171	0.000123	0.000055	-29179.861
78900	4	1111	0.000375	0.000349	0.000348	0.000091	-29176.874
79000	4	1111	0.000221	0.000202	0.000188	0.000070	-29176.989
79100	4	1111	0.000223	0.000201	0.000197	0.000082	-29182.832
79200	4	1111	0.000331	0.000316	0.000309	0.000144	-29180.608
79300	4	1111	0.000374	0.000367	0.000361	0.000167	-29182.406
79400	4	1111	0.000215	0.000209	0.000209	0.000132	-29181.353
79500	4	1111	0.000275	0.000210	0.000208	0.000123	-29181.280
79600	4	1111	0.000283	0.000198	0.000169	0.000104	-29180.215
79700	4	1111	0.000297	0.000226	0.000219	0.000135	-29181.188
79800	4	1111	0.000187	0.000133	0.000133	0.000095	-29178.756
79900	4	1111	0.000319	0.000246	0.000215	0.000163	-29177.034
80000	4	1111	0.000242	0.000213	0.000167	0.000119	-29180.293
80100	4	1111	0.000202	0.000177	0.000133	0.000101	-29174.853
80200	4	1111	0.000174	0.000132	0.000129	0.000086	-29175.294
80300	4	1111	0.000256	0.000225	0.000223	0.000171	-29178.328
80400	4	1111	0.000155	0.000135	0.000115	0.000086	-29179.349
80500	4	1111	0.000265	0.000205	0.000200	0.000152	-29182.316
80600	4	1111	0.000207	0.000192	0.000172	0.000085	-29179.943
80700	4	1111	0.000215	0.000206	0.000204	0.000053	-29178.312
80800	4	1111	0.000286	0.000281	0.000281	0.000067	-29180.495
80900	4	1111	0.000215	0.000198	0.000197	0.000036	-29180.531
81000	4	1111	0.000191	0.000163	0.000155	0.000034	-29182.191
81100	4	1111	0.000332	0.000288	0.000272	0.000080	-29181.674
81200	4	1111	0.000193	0.000161	0.000148	0.000086	-29178.625
81300	4	1111	0.000164	0.000112	0.000106	0.000068	-29180.004
81400	4	1111	0.000216	0.000125	0.000121	0.000064	-29181.944
81500	3	1110	0.000156	0.000096	0.0000	0.000070	-29182.840
81600	4	1111	0.000237	0.000151	0.000114	0.000040	-29180.220
81700	4	1111	0.000318	0.000284	0.000200	0.000100	-29175.031
81800	4	1111	0.000210	0.000187	0.000115	0.000073	-29177.938
81900	4	1111	0.000291	0.000272	0.000136	0.000106	-29178.250
82000	4	1111	0.000249	0.000213	0.000146	0.000103	-29181.917
82100	4	1111	0.000251	0.000211	0.000171	0.000097	-29174.409
82200	4	1111	0.000257	0.000242	0.000150	0.000109	-29177.103
82300	4	1111	0.000170	0.000152	0.000110	0.000073	-29181.998
82400	4	1111	0.000193	0.000167	0.000121	0.000109	-29180.271
82500	4	1111	0.000166	0.000130	0.000114	0.000088	-29180.307
82600	4	1111	0.000175	0.000147	0.000141	0.000095	-29179.889
82700	4	1111	0.000264	0.000218	0.000195	0.000164	-29181.751
82800	4	1111	0.000139	0.000133	0.000114	0.000077	-29180.673
82900	4	1111	0.000198	0.000189	0.000153	0.000126	-29179.762
83000	4	1111	0.000240	0.000221	0.000202	0.000147	-29185.419
83100	4	1111	0.000243	0.000232	0.000220	0.000181	-29179.332
83200	4	1111	0.000220	0.000210	0.000200	0.000110	-29177.220
83300	4	1111	0.000267	0.000230	0.000229	0.000131	-29177.766
83400	4	1111	0.000171	0.000167	0.000116	0.000058	-29180.895
83500	4	1111	0.000268	0.000235	0.000218	0.000094	-29182.900
83600	4	1111	0.000276	0.000247	0.000214	0.000122	-29179.264
83700	4	1111	0.000215	0.000207	0.000169	0.000119	-29180.649
83800	4	1111	0.000202	0.000171	0.000165	0.000096	-29180.995
83900	4	1111	0.000228	0.000224	0.000185	0.000052	-29178.787
84000	3	1110	0.000189	0.000176	0.0000	0.000121	-29175.912
84100	4	1111	0.000258	0.000238	0.000209	0.000083	-29180.098
84200	4	1111	0.000193	0.000190	0.000155	0.000095	-29180.873
84300	4	1111	0.000219	0.000206	0.000197	0.000129	-29176.625
84400	4	1111	0.000135	0.000104	0.000101	0.000074	-29177.377
84500	4	1111	0.000163	0.000143	0.000135	0.000077	-29181.620
84600	4	1111	0.000229	0.000178	0.000172	0.000127	-29178.962
84700	4	1111	0.000148	0.000111	0.000101	0.000067	-29184.809
84800	4	1111	0.000157	0.000142	0.000133	0.000108	-29178.379
84900	4	1111	0.000199	0.000183	0.000182	0.000102	-29175.382
85000	4	1111	0.000184	0.000154	0.000147	0.000111	-29178.315
85100	4	1111	0.000189	0.000146	0.000129	0.000105	-29180.622
85200	4	1111	0.000224	0.000189	0.000177	0.000088	-29179.408
85300	4	1111	0.000276	0.000213	0.000212	0.000126	-29182.378
85400	4	1111	0.000309	0.000296	0.000292	0.000139	-29180.697
85500	4	1111	0.000212	0.000209	0.000204	0.000114	-29181.156
85600	4	1111	0.000235	0.000219	0.000210	0.000151	-29177.034
85700	4	1111	0.000255	0.000249	0.000211	0.000154	-29180.654
85800	4	1111	0.000230	0.000195	0.000184	0.000123	-29185.662
85900	4	1111	0.000180	0.000155	0.000152	0.000109	-29182.585
86000	4	1111	0.000223	0.000137	0.000112	0.000095	-29180.261
86100	4	1111	0.000164	0.000119	0.000108	0.000053	-29182.521
86200	4	1111	0.000181	0.000158	0.000100	0.000098	-29179.364
86300	4	1111	0.000200	0.000191	0.000116	0.000101	-29182.001
86400	4	1111	0.000399	0.000381	0.000270	0.000189	-29179.258
86500	4	1111	0.000223	0.000211	0.000142	0.000086	-29174.136
86600	4	1111	0.000223	0.000186	0.000144	0.000098	-29178.293
86700	4	1111	0.000193	0.000152	0.000147	0.000101	-29182.636
86800	4	1111	0.000137	0.000116	0.000113	0.000078	-29180.628
86900	4	1111	0.000191	0.000157	0.000157	0.000127	-29184.618
87000	4	1111	0.000185	0.000162	0.000158	0.000118	-29177.954
87100	4	1111	0.000333	0.000315	0.000313	0.000202	-29179.234
87200	4	1111	0.000254	0.000246	0.000232	0.000146	-29180.509
87300	4	1111	0.000249	0.000220	0.000200	0.000162	-29179.308
87400	4	1111	0.000165	0.000141	0.000136	0.000109	-29179.962
87500	4	1111	0.000137	0.000124	0.000120	0.000092	-29179.834
87600	4	1111	0.000288	0.000248	0.000242	0.000179	-29183.534
87700	4	1111	0.000287	0.000261	0.000241	0.000204	-29175.084
87800	4	1111	0.000376	0.000277	0.000273	0.000248	-29178.085
87900	4	1111	0.000216	0.000203	0.000171	0.000136	-29178.092
88000	4	1111	0.000291	0.000246	0.000242	0.000159	-29181.868
88100	4	1111	0.000283	0.000258	0.000250	0.000153	-29183.300
88200	4	1111	0.000208	0.000188	0.000181	0.000138	-29172.984
88300	4	1111	0.000171	0.000152	0.000142	0.000117	-29184.855
88400	4	1111	0.000209	0.000168	0.000166	0.000121	-29179.430
88500	4	1111	0.000180	0.000157	0.000125	0.000115	-29177.105
88600	4	1111	0.000186	0.000147	0.000134	0.000113	-29174.003
88700	4	1111	0.000239	0.000198	0.000197	0.000158	-29181.551
88800	4	1111	0.000212	0.000203	0.000186	0.000146	-29180.107
88900	4	1111	0.000131	0.000124	0.000123	0.000084	-29176.860
89000	4	1111	0.000188	0.000185	0.000178	0.000131	-29182.336
89100	4	1111	0.000208	0.000176	0.000174	0.000144	-29184.434
89200	4	1111	0.000331	0.000318	0.000313	0.000239	-29177.111
89300	4	1111	0.000245	0.000217	0.000217	0.000186	-29179.071
89400	4	1111	0.000318	0.000285	0.000273	0.000205	-29179.103
89500	4	1111	0.000192	0.000188	0.000174	0.000142	-29181.887
89600	4	1111	0.000253	0.000228	0.000194	0.000149	-29176.001
89700	4	1111	0.000122	0.000101	0.000098	0.000076	-29179.592
89800	4	1111	0.000203	0.000151	0.000141	0.000119	-29181.018
89900	4	1111	0.000186	0.000157	0.000136	0.000063	-29181.738
90000	4	1111	0.000142	0.000114	0.000113	0.000083	-29175.943
90100	4	1111	0.000315	0.000270	0.000262	0.000181	-29184.147
90200	4	1111	0.000351	0.000317	0.000281	0.000180	-29182.349
90300	4	1111	0.000215	0.000176	0.000137	0.000095	-29178.953
90400	4	1111	0.000271	0.000267	0.000167	0.000084	-29181.491
90500	4	1111	0.000213	0.000196	0.000131	0.000079	-29176.106
90600	4	1111	0.000288	0.000209	0.000157	0.000064	-29174.034
90700	4	1111	0.000357	0.000312	0.000219	0.000072	-29174.957
90800	4	1111	0.000415	0.000314	0.000294	0.000081	-29179.554
90900	4	1111	0.000294	0.000239	0.000217	0.000063	-29177.927
91000	4	1111	0.000283	0.000267	0.000203	0.000072	-29174.290
91100	4	1111	0.000468	0.000387	0.000369	0.000122	-29181.077
91200	4	1111	0.000263	0.000217	0.000208	0.000070	-29177.180
91300	4	1111	0.000376	0.000319	0.000306	0.000099	-29178.037
91400	4	1111	0.000178	0.000159	0.000145	0.000060	-29181.234
91500	4	1111	0.000287	0.000229	0.000194	0.000111	-29179.409
91600	4	1111	0.000122	0.000109	0.000094	0.000046	-29180.445
91700	4	1111	0.000230	0.000200	0.000136	0.000092	-29181.235
91800	4	1111	0.000235	0.000231	0.000155	0.000126	-29174.980
91900	4	1111	0.000247	0.000232	0.000153	0.000129	-29177.537
92000	4	1111	0.000215	0.000199	0.000140	0.000090	-29177.672
92100	4	1111	0.000283	0.000248	0.000190	0.000112	-29180.676
92200	4	1111	0.000167	0.000121	0.000103	0.000086	-29183.672
92300	4	1111	0.000248	0.000175	0.000155	0.000098	-29178.776
92400	4	1111	0.000305	0.000245	0.000183	0.000145	-29179.255
92500	4	1111	0.000266	0.000207	0.000159	0.000144	-29181.300
92600	4	1111	0.000276	0.000242	0.000193	0.000139	-29185.426
92700	4	1111	0.000225	0.000184	0.000151	0.000119	-29175.833
92800	4	1111	0.000246	0.000216	0.000133	0.000123	-29176.512
92900	4	1111	0.000254	0.000152	0.000130	0.000120	-29178.238
93000	4	1111	0.000299	0.000166	0.000106	0.000097	-29175.607
93100	4	1111	0.000273	0.000151	0.000125	0.000070	-29181.405
93200	4	1111	0.000251	0.000160	0.000102	0.000086	-29179.677
93300	4	1111	0.000317	0.000241	0.000172	0.000069	-29181.576
93400	4	1111	0.000239	0.000189	0.000129	0.000056	-29181.321
93500	4	1111	0.000231	0.000184	0.000117	0.000059	-29177.589
93600	4	1111	0.000174	0.000151	0.000087	0.000068	-29179.009
93700	4	1111	0.000220	0.000196	0.000137	0.000123	-29178.006
93800	4	1111	0.000188	0.000115	0.000098	0.000080	-29177.713
93900	4	1111	0.000357	0.000196	0.000174	0.000124	-29176.284
94000	4	1111	0.000302	0.000212	0.000172	0.000142	-29180.698
94100	4	1111	0.000284	0.000202	0.000153	0.000137	-29182.767
94200	4	1111	0.000289	0.000274	0.000166	0.000131	-29176.173
94300	4	1111	0.000246	0.000236	0.000128	0.000065	-29178.193
94400	4	1111	0.000238	0.000234	0.000115	0.000079	-29175.036
94500	4	1111	0.000265	0.000198	0.000158	0.000073	-29176.354
94600	4	1111	0.000297	0.000226	0.000214	0.000100	-29178.137
94700	4	1111	0.000207	0.000153	0.000138	0.000073	-29176.102
94800	4	1111	0.000335	0.000255	0.000184	0.000119	-29177.307
94900	4	1111	0.000307	0.000222	0.000175	0.000137	-29174.083
95000	4	1111	0.000227	0.000164	0.000156	0.000113	-29174.314
95100	4	1111	0.000281	0.000247	0.000207	0.000190	-29174.647
95200	4	1111	0.000304	0.000207	0.000196	0.000152	-29178.185
95300	4	1111	0.000232	0.000151	0.000136	0.000130	-29174.507
95400	4	1111	0.000357	0.000201	0.000189	0.000157	-29179.816
95500	4	1111	0.000282	0.000177	0.000169	0.000119	-29174.757
95600	4	1111	0.000207	0.000123	0.000115	0.000093	-29178.873
95700	4	1111	0.000277	0.000193	0.000146	0.000114	-29178.125
95800	4	1111	0.000180	0.000120	0.000109	0.000075	-29176.947
95900	4	1111	0.000237	0.000166	0.000124	0.000102	-29178.258
96000	4	1111	0.000341	0.000274	0.000254	0.000165	-29175.967
96100	4	1111	0.000307	0.000269	0.000213	0.000132	-29181.416
96200	4	1111	0.000299	0.000276	0.000228	0.000116	-29175.107
96300	4	1111	0.000275	0.000254	0.000248	0.000118	-29182.941
96400	4	1111	0.000211	0.000199	0.000192	0.000074	-29178.419
96500	4	1111	0.000295	0.000288	0.000256	0.000133	-29175.970
96600	4	1111	0.000252	0.000235	0.000233	0.000114	-29182.836
96700	4	1111	0.000282	0.000254	0.000248	0.000109	-29181.708
96800	4	1111	0.000111	0.000102	0.000093	0.000046	-29177.675
96900	4	1111	0.000243	0.000221	0.000203	0.000094	-29178.253
97000	4	1111	0.000202	0.000191	0.000179	0.000026	-29180.913
97100	4	1111	0.000216	0.000200	0.000191	0.000054	-29182.426
97200	4	1111	0.000216	0.000195	0.000190	0.000097	-29181.517
97300	4	1111	0.000109	0.000103	0.000099	0.000004	-29186.476
97400	4	1111	0.000269	0.000256	0.000237	0.000082	-29177.165
97500	4	1111	0.000202	0.000176	0.000166	0.000059	-29177.504
97600	4	1111	0.000333	0.000319	0.000286	0.000127	-29178.488
97700	4	1111	0.000285	0.000276	0.000274	0.000119	-29180.053
97800	4	1111	0.000244	0.000238	0.000214	0.000124	-29177.905
97900	4	1111	0.000194	0.000143	0.000135	0.000090	-29182.796
98000	4	1111	0.000252	0.000199	0.000177	0.000098	-29177.497
98100	4	1111	0.000260	0.000249	0.000189	0.000132	-29176.616
98200	4	1111	0.000265	0.000243	0.000215	0.000141	-29178.033
98300	4	1111	0.000267	0.000256	0.000227	0.000128	-29179.565
98400	4	1111	0.000173	0.000167	0.000164	0.000089	-29178.360
98500	4	1111	0.000210	0.000200	0.000184	0.000085	-29183.732
98600	4	1111	0.000262	0.000240	0.000228	0.000079	-29181.335
98700	4	1111	0.000170	0.000159	0.000137	0.000074	-29181.459
98800	4	1111	0.000134	0.000111	0.000100	0.000073	-29178.821
98900	4	1111	0.000312	0.000305	0.000292	0.000195	-29184.397
99000	4	1111	0.000194	0.000185	0.000178	0.000120	-29181.880
99100	4	1111	0.000261	0.000220	0.000178	0.000144	-29178.936
99200	4	1111	0.000224	0.000215	0.000160	0.000141	-29180.308
99300	4	1111	0.000225	0.000215	0.000139	0.000106	-29179.458
99400	4	1111	0.000182	0.000155	0.000125	0.000080	-29184.161
99500	4	1111	0.000312	0.000262	0.000238	0.000132	-29179.187
99600	4	1111	0.000210	0.000189	0.000157	0.000081	-29179.986
99700	4	1111	0.000174	0.000152	0.000147	0.000096	-29176.608
99800	4	1111	0.000195	0.000166	0.000153	0.000109	-29180.794
99900	4	1111	0.000177	0.000169	0.000133	0.000072	-29181.614
100000	4	1111	0.000302	0.000284	0.000281	0.000094	-29181.576
