Gen	np	tree	tau_6T3T1T4T5T2	tau_7T3T1T4T5	tau_8T1T4T5	tau_9T4T5	lnL
100	3	1110	0.000002	0.000001	0.000000	-29183.730
200	2	1100	0.000002	0.000001	-29189.915
300	2	1100	0.000002	0.000002	-29186.506
400	1	1000	0.000002	-29184.995
500	2	1100	0.000001	0.000000	-29187.285
600	2	1100	0.000002	0.000001	-29200.024
700	1	1000	0.000001	-29187.051
800	1	1000	0.000001	-29190.745
900	4	1111	0.000001	0.000000	0.000000	0.000000	-29188.624
1000	3	1110	0.000001	0.000001	0.000001	-29189.990
1100	3	1110	0.000001	0.000001	0.000000	-29186.600
1200	1	1000	0.000001	-29185.614
1300	4	1111	0.000001	0.000001	0.000001	0.000000	-29191.262
1400	3	1110	0.000001	0.000001	0.000000	-29189.205
1500	2	1100	0.000003	0.000001	-29185.099
1600	1	1000	0.000003	-29189.926
1700	3	1110	0.000004	0.000002	0.000001	-29194.610
1800	3	1110	0.000007	0.000002	0.000001	-29193.602
1900	2	1100	0.000004	0.000002	-29187.670
2000	4	1111	0.000005	0.000004	0.000002	0.000002	-29178.126
2100	3	1110	0.000009	0.000006	0.000003	-29186.939
2200	4	1111	0.000011	0.000009	0.000006	0.000005	-29187.804
2300	2	1100	0.000010	0.000007	-29182.860
2400	4	1111	0.000017	0.000013	0.000013	0.000011	-29187.600
2500	4	1111	0.000015	0.000013	0.000012	0.000006	-29184.803
2600	4	1111	0.000040	0.000030	0.000026	0.000003	-29191.094
2700	4	1111	0.000047	0.000041	0.000037	0.000028	-29184.745
2800	4	1111	0.000070	0.000060	0.000034	0.000031	-29193.305
2900	4	1111	0.000070	0.000061	0.000031	0.000026	-29188.536
3000	4	1111	0.000181	0.000170	0.000094	0.000009	-29176.746
3100	4	1111	0.000145	0.000128	0.000109	0.000064	-29186.693
3200	4	1111	0.000168	0.000157	0.000116	0.000059	-29181.752
3300	4	1111	0.000194	0.000175	0.000161	0.000063	-29177.893
3400	4	1111	0.000231	0.000175	0.000164	0.000118	-29179.730
3500	4	1111	0.000304	0.000281	0.000272	0.000086	-29180.052
3600	4	1111	0.000267	0.000248	0.000246	0.000082	-29178.165
3700	4	1111	0.000173	0.000155	0.000108	0.000068	-29181.200
3800	3	1110	0.000236	0.000196	0.000187	-29178.837
3900	4	1111	0.000202	0.000167	0.000153	0.000066	-29180.318
4000	4	1111	0.000238	0.000183	0.000180	0.000144	-29181.051
4100	4	1111	0.000294	0.000258	0.000230	0.000210	-29179.943
4200	4	1111	0.000232	0.000199	0.000165	0.000159	-29182.542
4300	4	1111	0.000188	0.000167	0.000123	0.000090	-29179.591
4400	4	1111	0.000257	0.000208	0.000186	0.000140	-29178.205
4500	4	1111	0.000277	0.000158	0.000144	0.000121	-29181.894
4600	4	1111	0.000238	0.000206	0.000187	0.000085	-29180.772
4700	4	1111	0.000186	0.000129	0.000108	0.000080	-29177.584
4800	4	1111	0.000358	0.000333	0.000174	0.000140	-29180.714
4900	4	1111	0.000227	0.000155	0.000134	0.000078	-29183.662
5000	4	1111	0.000364	0.000321	0.000220	0.000201	-29186.015
5100	4	1111	0.000236	0.000203	0.000193	0.000143	-29178.249
5200	4	1111	0.000207	0.000149	0.000138	0.000115	-29179.704
5300	4	1111	0.000182	0.000157	0.000150	0.000144	-29181.452
5400	4	1111	0.000285	0.000275	0.000199	0.000197	-29177.987
5500	4	1111	0.000245	0.000223	0.000195	0.000119	-29181.558
5600	4	1111	0.000189	0.000175	0.000164	0.000136	-29180.376
5700	4	1111	0.000303	0.000270	0.000175	0.000161	-29178.844
5800	4	1111	0.000223	0.000159	0.000136	0.000112	-29183.468
5900	4	1111	0.000294	0.000268	0.000247	0.000210	-29179.350
6000	4	1111	0.000261	0.000241	0.000195	0.000137	-29180.218
6100	4	1111	0.000206	0.000186	0.000126	0.000104	-29180.905
6200	4	1111	0.000263	0.000235	0.000206	0.000140	-29180.527
6300	4	1111	0.000172	0.000157	0.000139	0.000121	-29184.241
6400	4	1111	0.000248	0.000201	0.000182	0.000181	-29181.725
6500	4	1111	0.000175	0.000162	0.000138	0.000113	-29177.367
6600	4	1111	0.000329	0.000306	0.000277	0.000238	-29183.192
6700	4	1111	0.000173	0.000164	0.000155	0.000139	-29179.481
6800	4	1111	0.000277	0.000247	0.000216	0.000209	-29181.895
6900	4	1111	0.000248	0.000224	0.000215	0.000193	-29181.914
7000	4	1111	0.000328	0.000317	0.000299	0.000214	-29181.335
7100	4	1111	0.000242	0.000228	0.000215	0.000200	-29187.131
7200	4	1111	0.000264	0.000216	0.000202	0.000188	-29180.814
7300	4	1111	0.000312	0.000307	0.000297	0.000249	-29182.958
7400	4	1111	0.000293	0.000279	0.000239	0.000187	-29184.061
7500	4	1111	0.000234	0.000215	0.000213	0.000183	-29181.643
7600	4	1111	0.000137	0.000118	0.000117	0.000096	-29184.057
7700	4	1111	0.000217	0.000197	0.000174	0.000149	-29178.014
7800	4	1111	0.000207	0.000160	0.000145	0.000107	-29180.895
7900	4	1111	0.000338	0.000284	0.000276	0.000230	-29182.789
8000	4	1111	0.000243	0.000202	0.000201	0.000148	-29179.666
8100	4	1111	0.000229	0.000218	0.000218	0.000210	-29181.996
8200	4	1111	0.000271	0.000248	0.000225	0.000161	-29182.976
8300	4	1111	0.000314	0.000282	0.000270	0.000161	-29181.475
8400	4	1111	0.000251	0.000205	0.000196	0.000106	-29178.921
8500	4	1111	0.000280	0.000221	0.000181	0.000149	-29181.930
8600	4	1111	0.000206	0.000187	0.000185	0.000129	-29181.404
8700	4	1111	0.000351	0.000310	0.000305	0.000173	-29178.727
8800	4	1111	0.000287	0.000235	0.000217	0.000122	-29181.202
8900	4	1111	0.000331	0.000318	0.000302	0.000235	-29176.508
9000	4	1111	0.000201	0.000154	0.000153	0.000098	-29181.104
9100	4	1111	0.000276	0.000230	0.000229	0.000130	-29181.608
9200	4	1111	0.000269	0.000238	0.000211	0.000129	-29182.158
9300	4	1111	0.000324	0.000298	0.000225	0.000137	-29181.038
9400	4	1111	0.000334	0.000312	0.000294	0.000252	-29182.475
9500	4	1111	0.000269	0.000245	0.000207	0.000128	-29181.404
9600	4	1111	0.000244	0.000226	0.000181	0.000172	-29177.900
9700	4	1111	0.000256	0.000218	0.000186	0.000158	-29175.945
9800	4	1111	0.000199	0.000177	0.000163	0.000103	-29185.780
9900	4	1111	0.000226	0.000196	0.000171	0.000157	-29179.182
10000	4	1111	0.000365	0.000292	0.000281	0.000194	-29181.001
10100	4	1111	0.000248	0.000223	0.000206	0.000134	-29184.402
10200	4	1111	0.000177	0.000167	0.000150	0.000110	-29178.542
10300	4	1111	0.000207	0.000184	0.000156	0.000106	-29181.060
10400	4	1111	0.000210	0.000167	0.000166	0.000162	-29180.140
10500	4	1111	0.000251	0.000230	0.000216	0.000213	-29187.546
10600	4	1111	0.000194	0.000179	0.000169	0.000115	-29179.419
10700	4	1111	0.000428	0.000398	0.000377	0.000374	-29185.161
10800	4	1111	0.000161	0.000150	0.000129	0.000104	-29184.100
10900	4	1111	0.000181	0.000163	0.000148	0.000130	-29185.249
11000	4	1111	0.000214	0.000186	0.000181	0.000137	-29185.930
11100	4	1111	0.000252	0.000213	0.000173	0.000112	-29185.818
11200	4	1111	0.000319	0.000306	0.000194	0.000142	-29180.869
11300	4	1111	0.000296	0.000273	0.000142	0.000116	-29178.978
11400	4	1111	0.000383	0.000359	0.000186	0.000142	-29178.742
11500	4	1111	0.000300	0.000271	0.000146	0.000101	-29176.327
11600	4	1111	0.000319	0.000295	0.000284	0.000176	-29180.944
11700	4	1111	0.000349	0.000255	0.000253	0.000252	-29183.533
11800	4	1111	0.000210	0.000177	0.000164	0.000127	-29176.418
11900	4	1111	0.000290	0.000237	0.000217	0.000206	-29177.201
12000	4	1111	0.000281	0.000256	0.000252	0.000185	-29183.027
12100	4	1111	0.000292	0.000233	0.000195	0.000195	-29179.342
12200	4	1111	0.000262	0.000237	0.000200	0.000172	-29177.334
12300	4	1111	0.000445	0.000418	0.000346	0.000230	-29183.185
12400	4	1111	0.000244	0.000217	0.000217	0.000191	-29183.779
12500	4	1111	0.000241	0.000215	0.000213	0.000095	-29182.674
12600	4	1111	0.000144	0.000137	0.000125	0.000096	-29184.252
12700	4	1111	0.000188	0.000186	0.000176	0.000174	-29185.742
12800	4	1111	0.000303	0.000274	0.000259	0.000245	-29180.935
12900	4	1111	0.000248	0.000239	0.000229	0.000222	-29182.271
13000	4	1111	0.000144	0.000138	0.000114	0.000098	-29181.182
13100	4	1111	0.000347	0.000297	0.000296	0.000226	-29183.722
13200	4	1111	0.000197	0.000175	0.000171	0.000126	-29174.449
13300	4	1111	0.000216	0.000194	0.000177	0.000152	-29180.778
13400	4	1111	0.000302	0.000279	0.000238	0.000213	-29179.837
13500	4	1111	0.000313	0.000299	0.000280	0.000162	-29180.470
13600	4	1111	0.000354	0.000344	0.000339	0.000281	-29183.920
13700	4	1111	0.000344	0.000299	0.000294	0.000252	-29182.857
13800	4	1111	0.000309	0.000298	0.000182	0.000155	-29181.701
13900	4	1111	0.000341	0.000304	0.000295	0.000269	-29180.832
14000	4	1111	0.000235	0.000216	0.000215	0.000170	-29177.783
14100	4	1111	0.000235	0.000230	0.000175	0.000104	-29179.748
14200	4	1111	0.000195	0.000158	0.000157	0.000131	-29178.765
14300	4	1111	0.000260	0.000235	0.000219	0.000206	-29187.814
14400	4	1111	0.000198	0.000155	0.000145	0.000114	-29182.057
14500	4	1111	0.000200	0.000117	0.000116	0.000084	-29180.096
14600	4	1111	0.000114	0.000075	0.000073	0.000048	-29188.072
14700	4	1111	0.000214	0.000185	0.000145	0.000087	-29180.704
14800	4	1111	0.000180	0.000138	0.000108	0.000098	-29181.509
14900	4	1111	0.000270	0.000230	0.000173	0.000075	-29178.734
15000	4	1111	0.000240	0.000221	0.000213	0.000136	-29184.264
15100	4	1111	0.000162	0.000140	0.000117	0.000115	-29185.511
15200	4	1111	0.000166	0.000144	0.000128	0.000112	-29180.484
15300	4	1111	0.000211	0.000182	0.000160	0.000151	-29184.240
15400	4	1111	0.000266	0.000243	0.000220	0.000149	-29183.512
15500	4	1111	0.000305	0.000255	0.000252	0.000220	-29188.087
15600	4	1111	0.000221	0.000209	0.000192	0.000179	-29181.682
15700	4	1111	0.000230	0.000185	0.000177	0.000136	-29179.827
15800	4	1111	0.000264	0.000244	0.000218	0.000175	-29179.121
15900	4	1111	0.000153	0.000101	0.000100	0.000072	-29181.229
16000	4	1111	0.000185	0.000147	0.000142	0.000098	-29178.212
16100	4	1111	0.000270	0.000249	0.000238	0.000141	-29178.351
16200	4	1111	0.000156	0.000130	0.000120	0.000106	-29183.812
16300	4	1111	0.000153	0.000118	0.000112	0.000083	-29184.846
16400	4	1111	0.000250	0.000219	0.000219	0.000179	-29186.776
16500	4	1111	0.000189	0.000157	0.000155	0.000148	-29181.281
16600	4	1111	0.000150	0.000129	0.000120	0.000054	-29184.018
16700	4	1111	0.000226	0.000195	0.000190	0.000131	-29181.133
16800	4	1111	0.000209	0.000192	0.000187	0.000108	-29179.210
16900	4	1111	0.000217	0.000205	0.000190	0.000161	-29185.810
17000	4	1111	0.000190	0.000129	0.000126	0.000123	-29184.995
17100	4	1111	0.000196	0.000164	0.000160	0.000110	-29180.883
17200	4	1111	0.000175	0.000125	0.000124	0.000092	-29182.507
17300	4	1111	0.000141	0.000120	0.000118	0.000108	-29183.326
17400	4	1111	0.000215	0.000173	0.000157	0.000127	-29184.730
17500	4	1111	0.000227	0.000201	0.000197	0.000139	-29178.770
17600	4	1111	0.000133	0.000102	0.000099	0.000056	-29177.109
17700	4	1111	0.000189	0.000165	0.000158	0.000107	-29182.852
17800	4	1111	0.000213	0.000142	0.000136	0.000123	-29181.852
17900	4	1111	0.000199	0.000158	0.000152	0.000140	-29182.124
18000	4	1111	0.000200	0.000172	0.000145	0.000132	-29179.610
18100	4	1111	0.000307	0.000265	0.000234	0.000193	-29185.210
18200	4	1111	0.000255	0.000176	0.000174	0.000165	-29181.501
18300	4	1111	0.000298	0.000261	0.000259	0.000192	-29182.451
18400	4	1111	0.000250	0.000202	0.000197	0.000138	-29180.184
18500	4	1111	0.000254	0.000201	0.000191	0.000177	-29184.829
18600	4	1111	0.000277	0.000244	0.000232	0.000180	-29181.625
18700	4	1111	0.000191	0.000172	0.000164	0.000164	-29184.572
18800	4	1111	0.000212	0.000190	0.000185	0.000119	-29184.938
18900	4	1111	0.000172	0.000165	0.000150	0.000149	-29180.317
19000	4	1111	0.000161	0.000148	0.000148	0.000130	-29183.438
19100	4	1111	0.000253	0.000183	0.000179	0.000130	-29182.060
19200	4	1111	0.000223	0.000153	0.000124	0.000068	-29186.036
19300	4	1111	0.000147	0.000112	0.000101	0.000076	-29182.918
19400	4	1111	0.000248	0.000208	0.000205	0.000130	-29181.193
19500	4	1111	0.000181	0.000158	0.000154	0.000139	-29186.075
19600	4	1111	0.000257	0.000240	0.000212	0.000212	-29184.248
19700	4	1111	0.000166	0.000152	0.000148	0.000091	-29178.775
19800	4	1111	0.000164	0.000128	0.000119	0.000103	-29185.422
19900	4	1111	0.000120	0.000107	0.000104	0.000075	-29184.203
20000	4	1111	0.000244	0.000223	0.000214	0.000175	-29186.307
20100	4	1111	0.000173	0.000149	0.000132	0.000124	-29188.614
20200	4	1111	0.000096	0.000088	0.000085	0.000065	-29180.145
20300	4	1111	0.000345	0.000308	0.000282	0.000266	-29182.361
20400	4	1111	0.000124	0.000114	0.000100	0.000089	-29184.196
20500	4	1111	0.000141	0.000121	0.000107	0.000086	-29183.098
20600	4	1111	0.000127	0.000100	0.000095	0.000065	-29180.692
20700	4	1111	0.000192	0.000173	0.000162	0.000112	-29181.041
20800	4	1111	0.000240	0.000213	0.000209	0.000165	-29184.837
20900	4	1111	0.000196	0.000153	0.000134	0.000112	-29185.207
21000	4	1111	0.000151	0.000133	0.000127	0.000094	-29181.094
21100	4	1111	0.000226	0.000216	0.000207	0.000205	-29180.906
21200	4	1111	0.000179	0.000168	0.000124	0.000104	-29179.629
21300	4	1111	0.000233	0.000223	0.000207	0.000191	-29184.406
21400	4	1111	0.000142	0.000102	0.000091	0.000083	-29186.391
21500	4	1111	0.000213	0.000198	0.000189	0.000149	-29183.213
21600	4	1111	0.000169	0.000156	0.000146	0.000125	-29181.045
21700	4	1111	0.000202	0.000190	0.000157	0.000154	-29181.710
21800	4	1111	0.000239	0.000174	0.000171	0.000138	-29180.707
21900	4	1111	0.000268	0.000178	0.000171	0.000150	-29181.559
22000	4	1111	0.000264	0.000242	0.000237	0.000193	-29182.926
22100	4	1111	0.000382	0.000358	0.000270	0.000219	-29179.844
22200	4	1111	0.000272	0.000226	0.000204	0.000156	-29180.542
22300	4	1111	0.000243	0.000191	0.000176	0.000112	-29181.735
22400	4	1111	0.000162	0.000151	0.000136	0.000071	-29179.890
22500	4	1111	0.000251	0.000177	0.000172	0.000137	-29180.464
22600	4	1111	0.000109	0.000094	0.000065	0.000052	-29183.617
22700	4	1111	0.000165	0.000147	0.000138	0.000059	-29179.665
22800	4	1111	0.000256	0.000231	0.000212	0.000140	-29183.402
22900	4	1111	0.000159	0.000142	0.000139	0.000088	-29183.906
23000	4	1111	0.000230	0.000206	0.000172	0.000137	-29178.351
23100	4	1111	0.000207	0.000185	0.000175	0.000171	-29183.807
23200	4	1111	0.000281	0.000269	0.000256	0.000191	-29181.974
23300	4	1111	0.000245	0.000214	0.000186	0.000175	-29183.983
23400	4	1111	0.000160	0.000133	0.000117	0.000084	-29179.184
23500	4	1111	0.000241	0.000222	0.000177	0.000134	-29178.471
23600	4	1111	0.000186	0.000168	0.000158	0.000133	-29180.508
23700	4	1111	0.000269	0.000248	0.000236	0.000209	-29179.304
23800	4	1111	0.000302	0.000259	0.000242	0.000178	-29181.211
23900	4	1111	0.000219	0.000192	0.000189	0.000171	-29179.533
24000	4	1111	0.000169	0.000147	0.000126	0.000117	-29186.223
24100	4	1111	0.000205	0.000189	0.000181	0.000132	-29181.852
24200	4	1111	0.000289	0.000268	0.000260	0.000190	-29185.372
24300	4	1111	0.000129	0.000109	0.000104	0.000081	-29187.716
24400	4	1111	0.000152	0.000142	0.000137	0.000122	-29183.942
24500	4	1111	0.000130	0.000117	0.000104	0.000052	-29180.952
24600	4	1111	0.000213	0.000180	0.000128	0.000061	-29186.134
24700	4	1111	0.000262	0.000230	0.000223	0.000148	-29179.295
24800	4	1111	0.000192	0.000182	0.000158	0.000122	-29181.763
24900	4	1111	0.000281	0.000240	0.000239	0.000144	-29184.264
25000	4	1111	0.000212	0.000150	0.000136	0.000120	-29183.896
25100	4	1111	0.000222	0.000174	0.000146	0.000137	-29184.454
25200	4	1111	0.000177	0.000157	0.000150	0.000125	-29187.664
25300	4	1111	0.000161	0.000145	0.000133	0.000107	-29181.310
25400	4	1111	0.000220	0.000205	0.000201	0.000155	-29185.086
25500	4	1111	0.000275	0.000256	0.000255	0.000232	-29189.026
25600	4	1111	0.000183	0.000122	0.000122	0.000114	-29186.937
25700	4	1111	0.000212	0.000182	0.000179	0.000112	-29180.430
25800	4	1111	0.000229	0.000193	0.000187	0.000158	-29182.108
25900	4	1111	0.000271	0.000216	0.000184	0.000168	-29181.271
26000	4	1111	0.000197	0.000187	0.000151	0.000127	-29180.779
26100	4	1111	0.000239	0.000197	0.000196	0.000162	-29185.241
26200	4	1111	0.000231	0.000196	0.000189	0.000097	-29181.278
26300	4	1111	0.000208	0.000188	0.000117	0.000077	-29183.641
26400	4	1111	0.000207	0.000145	0.000122	0.000075	-29182.974
26500	4	1111	0.000246	0.000233	0.000189	0.000132	-29179.537
26600	4	1111	0.000173	0.000143	0.000122	0.000098	-29184.335
26700	4	1111	0.000190	0.000165	0.000162	0.000153	-29182.903
26800	4	1111	0.000285	0.000223	0.000214	0.000154	-29182.373
26900	4	1111	0.000199	0.000176	0.000169	0.000118	-29179.926
27000	4	1111	0.000208	0.000182	0.000164	0.000156	-29178.359
27100	4	1111	0.000221	0.000190	0.000165	0.000109	-29179.928
27200	4	1111	0.000276	0.000163	0.000163	0.000073	-29183.739
27300	4	1111	0.000290	0.000251	0.000244	0.000104	-29177.152
27400	4	1111	0.000326	0.000253	0.000253	0.000247	-29181.326
27500	4	1111	0.000258	0.000193	0.000167	0.000139	-29184.660
27600	4	1111	0.000250	0.000214	0.000197	0.000173	-29179.633
27700	4	1111	0.000169	0.000152	0.000150	0.000128	-29183.109
27800	4	1111	0.000209	0.000182	0.000171	0.000102	-29181.560
27900	4	1111	0.000227	0.000208	0.000186	0.000139	-29186.353
28000	4	1111	0.000191	0.000183	0.000170	0.000127	-29179.899
28100	4	1111	0.000182	0.000167	0.000165	0.000111	-29184.203
28200	4	1111	0.000338	0.000327	0.000322	0.000170	-29179.301
28300	4	1111	0.000263	0.000256	0.000253	0.000110	-29178.635
28400	4	1111	0.000258	0.000230	0.000195	0.000142	-29183.036
28500	4	1111	0.000295	0.000234	0.000230	0.000071	-29180.558
28600	4	1111	0.000219	0.000208	0.000165	0.000111	-29181.919
28700	4	1111	0.000252	0.000222	0.000183	0.000143	-29180.873
28800	4	1111	0.000192	0.000162	0.000161	0.000107	-29180.415
28900	4	1111	0.000242	0.000188	0.000184	0.000144	-29182.739
29000	4	1111	0.000179	0.000158	0.000152	0.000116	-29185.830
29100	4	1111	0.000229	0.000199	0.000136	0.000092	-29185.720
29200	4	1111	0.000237	0.000216	0.000209	0.000157	-29180.454
29300	4	1111	0.000215	0.000207	0.000184	0.000073	-29179.396
29400	4	1111	0.000275	0.000211	0.000190	0.000108	-29181.042
29500	4	1111	0.000367	0.000214	0.000182	0.000090	-29176.936
29600	4	1111	0.000324	0.000248	0.000188	0.000147	-29177.187
29700	4	1111	0.000281	0.000241	0.000154	0.000080	-29184.814
29800	4	1111	0.000320	0.000234	0.000197	0.000095	-29182.956
29900	4	1111	0.000342	0.000306	0.000280	0.000118	-29179.422
30000	4	1111	0.000252	0.000225	0.000222	0.000110	-29181.078
30100	4	1111	0.000196	0.000179	0.000155	0.000124	-29183.633
30200	4	1111	0.000326	0.000303	0.000275	0.000209	-29181.076
30300	4	1111	0.000261	0.000256	0.000255	0.000178	-29182.868
30400	4	1111	0.000241	0.000232	0.000225	0.000173	-29187.355
30500	4	1111	0.000297	0.000265	0.000257	0.000210	-29179.942
30600	4	1111	0.000169	0.000158	0.000133	0.000118	-29182.076
30700	4	1111	0.000356	0.000346	0.000294	0.000160	-29180.183
30800	4	1111	0.000302	0.000269	0.000172	0.000118	-29179.657
30900	4	1111	0.000326	0.000304	0.000299	0.000157	-29185.578
31000	4	1111	0.000248	0.000236	0.000233	0.000159	-29183.763
31100	4	1111	0.000252	0.000222	0.000210	0.000123	-29183.773
31200	4	1111	0.000275	0.000256	0.000240	0.000199	-29182.907
31300	4	1111	0.000315	0.000284	0.000279	0.000200	-29183.790
31400	4	1111	0.000269	0.000234	0.000216	0.000169	-29182.041
31500	4	1111	0.000259	0.000211	0.000192	0.000131	-29182.942
31600	4	1111	0.000278	0.000258	0.000249	0.000195	-29182.409
31700	4	1111	0.000224	0.000192	0.000192	0.000164	-29185.401
31800	4	1111	0.000275	0.000226	0.000215	0.000154	-29183.318
31900	4	1111	0.000177	0.000160	0.000146	0.000078	-29189.518
32000	4	1111	0.000230	0.000214	0.000214	0.000134	-29179.372
32100	4	1111	0.000226	0.000206	0.000165	0.000105	-29182.411
32200	4	1111	0.000366	0.000324	0.000323	0.000231	-29184.589
32300	4	1111	0.000247	0.000240	0.000184	0.000151	-29182.660
32400	4	1111	0.000184	0.000171	0.000158	0.000133	-29180.725
32500	4	1111	0.000189	0.000184	0.000182	0.000137	-29185.896
32600	4	1111	0.000229	0.000210	0.000197	0.000172	-29181.638
32700	4	1111	0.000149	0.000142	0.000140	0.000072	-29179.837
32800	4	1111	0.000231	0.000206	0.000206	0.000123	-29184.982
32900	4	1111	0.000108	0.000090	0.000079	0.000059	-29184.916
33000	4	1111	0.000344	0.000315	0.000302	0.000254	-29184.040
33100	4	1111	0.000266	0.000238	0.000234	0.000194	-29182.410
33200	4	1111	0.000205	0.000194	0.000161	0.000105	-29180.628
33300	4	1111	0.000131	0.000125	0.000118	0.000084	-29181.422
33400	4	1111	0.000295	0.000280	0.000278	0.000166	-29184.603
33500	4	1111	0.000185	0.000174	0.000170	0.000104	-29181.530
33600	4	1111	0.000239	0.000184	0.000177	0.000161	-29184.307
33700	4	1111	0.000225	0.000203	0.000166	0.000123	-29183.482
33800	4	1111	0.000249	0.000231	0.000221	0.000128	-29179.605
33900	4	1111	0.000219	0.000206	0.000160	0.000082	-29182.623
34000	4	1111	0.000235	0.000232	0.000177	0.000141	-29183.159
34100	4	1111	0.000209	0.000198	0.000198	0.000121	-29182.813
34200	4	1111	0.000262	0.000224	0.000207	0.000149	-29182.467
34300	4	1111	0.000265	0.000254	0.000244	0.000154	-29183.622
34400	4	1111	0.000180	0.000176	0.000166	0.000123	-29185.458
34500	4	1111	0.000307	0.000300	0.000291	0.000182	-29183.295
34600	4	1111	0.000202	0.000178	0.000157	0.000146	-29179.230
34700	4	1111	0.000225	0.000216	0.000175	0.000074	-29183.100
34800	4	1111	0.000281	0.000273	0.000239	0.000152	-29185.322
34900	4	1111	0.000225	0.000183	0.000183	0.000141	-29182.116
35000	4	1111	0.000262	0.000241	0.000141	0.000116	-29179.948
35100	4	1111	0.000285	0.000280	0.000199	0.000129	-29181.166
35200	4	1111	0.000319	0.000281	0.000265	0.000126	-29183.047
35300	4	1111	0.000257	0.000219	0.000218	0.000129	-29182.156
35400	4	1111	0.000262	0.000247	0.000234	0.000131	-29182.430
35500	4	1111	0.000353	0.000310	0.000282	0.000244	-29182.537
35600	4	1111	0.000221	0.000206	0.000176	0.000137	-29182.032
35700	4	1111	0.000298	0.000283	0.000278	0.000183	-29185.388
35800	4	1111	0.000353	0.000348	0.000289	0.000233	-29183.595
35900	4	1111	0.000410	0.000350	0.000346	0.000249	-29182.103
36000	4	1111	0.000239	0.000210	0.000206	0.000126	-29177.634
36100	4	1111	0.000232	0.000210	0.000199	0.000146	-29187.514
36200	4	1111	0.000338	0.000333	0.000309	0.000151	-29179.014
36300	4	1111	0.000225	0.000219	0.000209	0.000050	-29185.905
36400	4	1111	0.000408	0.000370	0.000343	0.000165	-29185.062
36500	4	1111	0.000225	0.000207	0.000160	0.000114	-29181.326
36600	4	1111	0.000200	0.000187	0.000163	0.000114	-29184.840
36700	4	1111	0.000194	0.000150	0.000142	0.000112	-29185.853
36800	4	1111	0.000273	0.000259	0.000237	0.000100	-29185.209
36900	4	1111	0.000364	0.000256	0.000255	0.000109	-29183.134
37000	4	1111	0.000264	0.000218	0.000177	0.000090	-29179.656
37100	4	1111	0.000261	0.000241	0.000149	0.000050	-29178.241
37200	4	1111	0.000370	0.000354	0.000266	0.000189	-29182.962
37300	4	1111	0.000228	0.000220	0.000214	0.000097	-29182.066
37400	4	1111	0.000390	0.000337	0.000315	0.000139	-29184.607
37500	4	1111	0.000412	0.000404	0.000396	0.000173	-29180.437
37600	4	1111	0.000318	0.000289	0.000259	0.000200	-29184.784
37700	4	1111	0.000246	0.000191	0.000177	0.000107	-29181.656
37800	4	1111	0.000250	0.000232	0.000187	0.000122	-29184.273
37900	4	1111	0.000285	0.000218	0.000217	0.000145	-29183.769
38000	4	1111	0.000357	0.000309	0.000305	0.000198	-29185.661
38100	4	1111	0.000310	0.000295	0.000266	0.000134	-29182.543
38200	4	1111	0.000214	0.000177	0.000174	0.000110	-29186.664
38300	4	1111	0.000302	0.000280	0.000279	0.000211	-29183.144
38400	4	1111	0.000160	0.000156	0.000152	0.000121	-29185.514
38500	4	1111	0.000274	0.000270	0.000270	0.000221	-29187.039
38600	4	1111	0.000239	0.000209	0.000208	0.000123	-29181.384
38700	4	1111	0.000277	0.000269	0.000264	0.000165	-29185.627
38800	4	1111	0.000293	0.000233	0.000231	0.000167	-29185.581
38900	4	1111	0.000280	0.000244	0.000207	0.000141	-29178.272
39000	4	1111	0.000214	0.000187	0.000161	0.000080	-29184.961
39100	4	1111	0.000287	0.000245	0.000244	0.000197	-29182.451
39200	4	1111	0.000222	0.000185	0.000152	0.000116	-29181.142
39300	4	1111	0.000273	0.000262	0.000245	0.000175	-29180.065
39400	4	1111	0.000276	0.000269	0.000260	0.000124	-29179.425
39500	4	1111	0.000218	0.000211	0.000210	0.000095	-29180.885
39600	4	1111	0.000293	0.000271	0.000269	0.000185	-29185.329
39700	4	1111	0.000247	0.000241	0.000238	0.000181	-29182.897
39800	4	1111	0.000260	0.000206	0.000199	0.000091	-29179.549
39900	4	1111	0.000261	0.000259	0.000257	0.000119	-29181.857
40000	4	1111	0.000400	0.000376	0.000370	0.000141	-29180.192
40100	4	1111	0.000175	0.000146	0.000130	0.000085	-29185.335
40200	4	1111	0.000201	0.000156	0.000135	0.000080	-29184.963
40300	4	1111	0.000198	0.000134	0.000132	0.000051	-29180.732
40400	4	1111	0.000250	0.000237	0.000147	0.000090	-29179.409
40500	4	1111	0.000264	0.000219	0.000212	0.000103	-29182.830
40600	4	1111	0.000227	0.000192	0.000187	0.000108	-29184.817
40700	4	1111	0.000264	0.000239	0.000213	0.000118	-29178.528
40800	4	1111	0.000225	0.000211	0.000182	0.000110	-29186.702
40900	4	1111	0.000163	0.000151	0.000150	0.000073	-29184.805
41000	4	1111	0.000261	0.000196	0.000195	0.000138	-29180.529
41100	4	1111	0.000242	0.000230	0.000225	0.000085	-29178.611
41200	4	1111	0.000258	0.000204	0.000203	0.000137	-29177.711
41300	4	1111	0.000181	0.000165	0.000116	0.000055	-29182.194
41400	4	1111	0.000215	0.000203	0.000174	0.000166	-29181.816
41500	4	1111	0.000164	0.000150	0.000131	0.000091	-29183.593
41600	4	1111	0.000264	0.000255	0.000228	0.000162	-29185.047
41700	4	1111	0.000233	0.000221	0.000220	0.000153	-29183.236
41800	4	1111	0.000165	0.000148	0.000128	0.000090	-29181.887
41900	4	1111	0.000177	0.000163	0.000142	0.000080	-29182.405
42000	4	1111	0.000226	0.000182	0.000182	0.000119	-29183.077
42100	4	1111	0.000248	0.000164	0.000162	0.000105	-29180.832
42200	4	1111	0.000148	0.000128	0.000127	0.000075	-29176.550
42300	4	1111	0.000167	0.000161	0.000160	0.000114	-29181.488
42400	4	1111	0.000185	0.000168	0.000161	0.000079	-29182.325
42500	4	1111	0.000189	0.000153	0.000120	0.000091	-29182.929
42600	4	1111	0.000222	0.000178	0.000177	0.000107	-29178.264
42700	4	1111	0.000211	0.000190	0.000180	0.000117	-29182.347
42800	4	1111	0.000328	0.000325	0.000324	0.000192	-29178.952
42900	4	1111	0.000250	0.000233	0.000232	0.000114	-29184.184
43000	4	1111	0.000276	0.000271	0.000253	0.000143	-29177.778
43100	4	1111	0.000237	0.000210	0.000202	0.000154	-29185.490
43200	4	1111	0.000148	0.000125	0.000124	0.000106	-29184.780
43300	4	1111	0.000217	0.000205	0.000200	0.000102	-29182.954
43400	4	1111	0.000146	0.000135	0.000130	0.000073	-29185.847
43500	4	1111	0.000309	0.000228	0.000227	0.000181	-29179.136
43600	4	1111	0.000250	0.000228	0.000216	0.000122	-29180.902
43700	4	1111	0.000153	0.000120	0.000099	0.000046	-29184.467
43800	4	1111	0.000197	0.000183	0.000161	0.000079	-29179.602
43900	4	1111	0.000328	0.000287	0.000245	0.000179	-29184.987
44000	4	1111	0.000319	0.000279	0.000241	0.000143	-29183.924
44100	4	1111	0.000326	0.000300	0.000288	0.000120	-29184.300
44200	4	1111	0.000222	0.000216	0.000215	0.000091	-29182.807
44300	4	1111	0.000216	0.000203	0.000195	0.000139	-29182.301
44400	4	1111	0.000214	0.000199	0.000196	0.000127	-29183.181
44500	4	1111	0.000282	0.000254	0.000198	0.000085	-29179.757
44600	4	1111	0.000243	0.000234	0.000234	0.000096	-29185.452
44700	4	1111	0.000246	0.000220	0.000218	0.000088	-29177.803
44800	4	1111	0.000261	0.000246	0.000212	0.000155	-29176.856
44900	4	1111	0.000210	0.000199	0.000166	0.000114	-29185.719
45000	4	1111	0.000135	0.000088	0.000081	0.000033	-29184.742
45100	4	1111	0.000304	0.000288	0.000277	0.000136	-29177.442
45200	4	1111	0.000191	0.000183	0.000180	0.000028	-29178.524
45300	4	1111	0.000284	0.000276	0.000243	0.000117	-29186.809
45400	4	1111	0.000345	0.000301	0.000297	0.000086	-29180.037
45500	4	1111	0.000230	0.000201	0.000200	0.000136	-29186.376
45600	4	1111	0.000223	0.000208	0.000200	0.000097	-29175.139
45700	4	1111	0.000195	0.000149	0.000116	0.000040	-29182.261
45800	4	1111	0.000261	0.000233	0.000210	0.000039	-29180.362
45900	4	1111	0.000268	0.000250	0.000248	0.000190	-29177.324
46000	4	1111	0.000294	0.000286	0.000282	0.000215	-29185.559
46100	4	1111	0.000189	0.000176	0.000166	0.000136	-29181.953
46200	4	1111	0.000265	0.000257	0.000253	0.000100	-29183.482
46300	4	1111	0.000263	0.000245	0.000235	0.000207	-29180.166
46400	4	1111	0.000397	0.000351	0.000344	0.000282	-29177.799
46500	4	1111	0.000325	0.000301	0.000199	0.000156	-29183.292
46600	4	1111	0.000217	0.000191	0.000183	0.000170	-29182.562
46700	4	1111	0.000237	0.000207	0.000202	0.000134	-29182.891
46800	4	1111	0.000166	0.000147	0.000136	0.000084	-29183.198
46900	4	1111	0.000374	0.000348	0.000277	0.000231	-29182.316
47000	4	1111	0.000237	0.000205	0.000204	0.000114	-29180.812
47100	4	1111	0.000183	0.000171	0.000164	0.000057	-29182.287
47200	4	1111	0.000194	0.000167	0.000137	0.000104	-29181.294
47300	4	1111	0.000211	0.000205	0.000123	0.000085	-29183.282
47400	4	1111	0.000248	0.000228	0.000218	0.000069	-29177.012
47500	4	1111	0.000140	0.000129	0.000115	0.000065	-29183.656
47600	4	1111	0.000158	0.000148	0.000148	0.000077	-29181.014
47700	4	1111	0.000268	0.000261	0.000210	0.000182	-29185.437
47800	4	1111	0.000174	0.000164	0.000161	0.000111	-29183.205
47900	4	1111	0.000206	0.000192	0.000180	0.000113	-29182.444
48000	4	1111	0.000207	0.000195	0.000181	0.000151	-29184.361
48100	4	1111	0.000256	0.000247	0.000240	0.000140	-29184.408
48200	4	1111	0.000253	0.000236	0.000149	0.000127	-29183.308
48300	4	1111	0.000211	0.000197	0.000195	0.000105	-29187.065
48400	4	1111	0.000224	0.000200	0.000198	0.000146	-29185.843
48500	4	1111	0.000383	0.000369	0.000347	0.000234	-29184.832
48600	4	1111	0.000205	0.000197	0.000128	0.000077	-29182.056
48700	4	1111	0.000178	0.000158	0.000154	0.000108	-29182.009
48800	4	1111	0.000287	0.000270	0.000206	0.000178	-29182.178
48900	4	1111	0.000194	0.000181	0.000159	0.000086	-29185.312
49000	4	1111	0.000421	0.000409	0.000385	0.000268	-29184.239
49100	4	1111	0.000264	0.000224	0.000191	0.000165	-29184.147
49200	4	1111	0.000132	0.000116	0.000111	0.000049	-29184.531
49300	4	1111	0.000161	0.000130	0.000117	0.000106	-29182.806
49400	4	1111	0.000129	0.000127	0.000118	0.000079	-29187.203
49500	4	1111	0.000243	0.000214	0.000211	0.000170	-29180.673
49600	4	1111	0.000243	0.000239	0.000239	0.000169	-29183.107
49700	4	1111	0.000213	0.000206	0.000197	0.000093	-29183.142
49800	4	1111	0.000219	0.000203	0.000165	0.000134	-29178.491
49900	4	1111	0.000130	0.000122	0.000105	0.000080	-29185.671
50000	4	1111	0.000263	0.000243	0.000235	0.000184	-29182.534
50100	4	1111	0.000332	0.000320	0.000312	0.000207	-29184.564
50200	4	1111	0.000181	0.000163	0.000162	0.000126	-29183.381
50300	4	1111	0.000181	0.000143	0.000131	0.000092	-29183.004
50400	4	1111	0.000218	0.000195	0.000189	0.000158	-29185.916
50500	4	1111	0.000139	0.000134	0.000133	0.000121	-29189.199
50600	4	1111	0.000143	0.000129	0.000125	0.000099	-29182.818
50700	4	1111	0.000113	0.000103	0.000103	0.000073	-29186.482
50800	4	1111	0.000171	0.000162	0.000156	0.000098	-29185.060
50900	4	1111	0.000207	0.000192	0.000189	0.000149	-29185.602
51000	4	1111	0.000172	0.000161	0.000152	0.000114	-29186.068
51100	4	1111	0.000162	0.000148	0.000141	0.000069	-29184.561
51200	4	1111	0.000179	0.000165	0.000151	0.000059	-29180.006
51300	4	1111	0.000251	0.000224	0.000189	0.000159	-29182.303
51400	4	1111	0.000269	0.000228	0.000195	0.000122	-29183.456
51500	4	1111	0.000218	0.000198	0.000185	0.000167	-29184.905
51600	4	1111	0.000160	0.000141	0.000117	0.000087	-29178.900
51700	4	1111	0.000244	0.000195	0.000193	0.000132	-29178.531
51800	4	1111	0.000146	0.000114	0.000111	0.000086	-29181.569
51900	4	1111	0.000193	0.000178	0.000160	0.000126	-29185.513
52000	4	1111	0.000170	0.000134	0.000127	0.000083	-29187.106
52100	4	1111	0.000290	0.000282	0.000263	0.000115	-29180.301
52200	4	1111	0.000210	0.000190	0.000175	0.000086	-29177.390
52300	4	1111	0.000243	0.000232	0.000198	0.000103	-29183.908
52400	4	1111	0.000245	0.000230	0.000209	0.000117	-29183.570
52500	4	1111	0.000178	0.000164	0.000141	0.000102	-29179.544
52600	4	1111	0.000173	0.000162	0.000101	0.000096	-29184.402
52700	4	1111	0.000188	0.000159	0.000133	0.000053	-29184.206
52800	4	1111	0.000219	0.000155	0.000145	0.000115	-29181.990
52900	4	1111	0.000337	0.000310	0.000302	0.000229	-29185.033
53000	4	1111	0.000141	0.000130	0.000120	0.000099	-29182.731
53100	4	1111	0.000159	0.000143	0.000133	0.000123	-29180.573
53200	4	1111	0.000225	0.000210	0.000207	0.000115	-29176.262
53300	4	1111	0.000173	0.000164	0.000157	0.000134	-29189.714
53400	4	1111	0.000281	0.000253	0.000252	0.000199	-29185.964
53500	4	1111	0.000178	0.000171	0.000166	0.000116	-29184.253
53600	4	1111	0.000323	0.000296	0.000286	0.000191	-29185.994
53700	4	1111	0.000152	0.000142	0.000141	0.000087	-29180.349
53800	4	1111	0.000210	0.000193	0.000179	0.000172	-29185.068
53900	4	1111	0.000185	0.000122	0.000115	0.000100	-29185.248
54000	4	1111	0.000214	0.000193	0.000176	0.000133	-29186.836
54100	4	1111	0.000196	0.000137	0.000130	0.000097	-29182.501
54200	4	1111	0.000323	0.000317	0.000266	0.000211	-29182.707
54300	4	1111	0.000207	0.000186	0.000183	0.000114	-29185.188
54400	4	1111	0.000358	0.000331	0.000282	0.000118	-29183.092
54500	4	1111	0.000208	0.000167	0.000124	0.000088	-29183.618
54600	4	1111	0.000290	0.000276	0.000242	0.000179	-29184.620
54700	4	1111	0.000243	0.000230	0.000213	0.000188	-29180.296
54800	4	1111	0.000281	0.000258	0.000250	0.000156	-29180.238
54900	4	1111	0.000304	0.000290	0.000271	0.000209	-29183.394
55000	4	1111	0.000194	0.000188	0.000147	0.000137	-29181.940
55100	4	1111	0.000214	0.000185	0.000181	0.000136	-29182.282
55200	4	1111	0.000234	0.000208	0.000198	0.000129	-29181.083
55300	4	1111	0.000349	0.000324	0.000321	0.000172	-29181.809
55400	4	1111	0.000289	0.000262	0.000260	0.000210	-29179.156
55500	4	1111	0.000182	0.000163	0.000157	0.000119	-29183.082
55600	4	1111	0.000200	0.000189	0.000188	0.000098	-29183.873
55700	4	1111	0.000332	0.000327	0.000281	0.000118	-29182.057
55800	4	1111	0.000254	0.000235	0.000217	0.000138	-29183.474
55900	4	1111	0.000291	0.000275	0.000265	0.000230	-29184.248
56000	4	1111	0.000193	0.000146	0.000144	0.000105	-29180.860
56100	4	1111	0.000248	0.000225	0.000131	0.000097	-29181.179
56200	4	1111	0.000186	0.000178	0.000155	0.000082	-29184.213
56300	4	1111	0.000289	0.000265	0.000226	0.000198	-29183.974
56400	4	1111	0.000283	0.000272	0.000253	0.000221	-29183.074
56500	4	1111	0.000210	0.000199	0.000178	0.000121	-29182.314
56600	4	1111	0.000273	0.000250	0.000245	0.000143	-29185.069
56700	4	1111	0.000210	0.000204	0.000157	0.000105	-29182.956
56800	4	1111	0.000240	0.000227	0.000203	0.000141	-29178.808
56900	4	1111	0.000222	0.000213	0.000210	0.000137	-29179.801
57000	4	1111	0.000127	0.000117	0.000116	0.000095	-29183.093
57100	4	1111	0.000241	0.000209	0.000195	0.000152	-29181.114
57200	4	1111	0.000192	0.000177	0.000152	0.000090	-29176.996
57300	4	1111	0.000165	0.000153	0.000133	0.000100	-29181.222
57400	4	1111	0.000198	0.000186	0.000180	0.000122	-29185.086
57500	4	1111	0.000200	0.000184	0.000181	0.000106	-29182.609
57600	4	1111	0.000272	0.000256	0.000245	0.000180	-29176.911
57700	4	1111	0.000216	0.000214	0.000196	0.000174	-29177.508
57800	4	1111	0.000255	0.000240	0.000233	0.000135	-29176.909
57900	4	1111	0.000189	0.000183	0.000164	0.000082	-29178.926
58000	4	1111	0.000184	0.000167	0.000165	0.000114	-29177.984
58100	4	1111	0.000228	0.000225	0.000196	0.000106	-29184.417
58200	4	1111	0.000186	0.000153	0.000128	0.000042	-29180.189
58300	4	1111	0.000251	0.000187	0.000165	0.000107	-29183.795
58400	4	1111	0.000196	0.000189	0.000175	0.000128	-29181.738
58500	4	1111	0.000177	0.000164	0.000130	0.000110	-29179.997
58600	4	1111	0.000243	0.000238	0.000220	0.000148	-29180.332
58700	4	1111	0.000227	0.000217	0.000217	0.000151	-29175.926
58800	4	1111	0.000235	0.000216	0.000210	0.000173	-29180.573
58900	4	1111	0.000191	0.000167	0.000139	0.000099	-29179.490
59000	4	1111	0.000171	0.000144	0.000137	0.000093	-29173.483
59100	4	1111	0.000126	0.000110	0.000101	0.000051	-29183.370
59200	4	1111	0.000209	0.000194	0.000181	0.000125	-29175.828
59300	4	1111	0.000266	0.000239	0.000236	0.000170	-29189.436
59400	4	1111	0.000332	0.000325	0.000246	0.000187	-29181.452
59500	4	1111	0.000318	0.000307	0.000300	0.000094	-29183.838
59600	4	1111	0.000354	0.000318	0.000304	0.000137	-29184.268
59700	4	1111	0.000317	0.000310	0.000307	0.000175	-29181.538
59800	4	1111	0.000304	0.000288	0.000278	0.000158	-29180.217
59900	4	1111	0.000178	0.000148	0.000137	0.000090	-29180.314
60000	4	1111	0.000421	0.000382	0.000192	0.000153	-29179.971
60100	4	1111	0.000219	0.000130	0.000127	0.000116	-29183.700
60200	4	1111	0.000256	0.000185	0.000138	0.000124	-29180.473
60300	4	1111	0.000353	0.000314	0.000201	0.000110	-29174.592
60400	4	1111	0.000271	0.000186	0.000186	0.000127	-29180.542
60500	4	1111	0.000259	0.000215	0.000188	0.000094	-29181.218
60600	4	1111	0.000194	0.000159	0.000132	0.000104	-29182.855
60700	4	1111	0.000263	0.000227	0.000213	0.000167	-29178.631
60800	4	1111	0.000193	0.000189	0.000160	0.000135	-29179.278
60900	4	1111	0.000239	0.000181	0.000163	0.000086	-29179.492
61000	4	1111	0.000297	0.000282	0.000255	0.000133	-29177.710
61100	4	1111	0.000205	0.000174	0.000174	0.000120	-29179.797
61200	4	1111	0.000231	0.000206	0.000201	0.000113	-29180.355
61300	4	1111	0.000223	0.000218	0.000200	0.000104	-29177.029
61400	4	1111	0.000242	0.000237	0.000209	0.000124	-29183.355
61500	4	1111	0.000207	0.000200	0.000197	0.000109	-29179.905
61600	4	1111	0.000476	0.000470	0.000451	0.000245	-29179.377
61700	4	1111	0.000171	0.000165	0.000156	0.000119	-29176.569
61800	4	1111	0.000280	0.000278	0.000276	0.000218	-29183.280
61900	4	1111	0.000270	0.000260	0.000224	0.000206	-29180.434
62000	4	1111	0.000385	0.000373	0.000326	0.000217	-29180.792
62100	4	1111	0.000308	0.000293	0.000220	0.000188	-29176.222
62200	4	1111	0.000245	0.000178	0.000162	0.000115	-29178.033
62300	4	1111	0.000385	0.000297	0.000289	0.000278	-29179.681
62400	4	1111	0.000228	0.000215	0.000156	0.000076	-29174.060
62500	4	1111	0.000260	0.000242	0.000234	0.000194	-29180.512
62600	4	1111	0.000261	0.000255	0.000246	0.000239	-29186.553
62700	4	1111	0.000230	0.000212	0.000210	0.000191	-29183.472
62800	4	1111	0.000184	0.000175	0.000159	0.000109	-29179.155
62900	4	1111	0.000151	0.000126	0.000113	0.000081	-29180.586
63000	4	1111	0.000278	0.000261	0.000260	0.000134	-29180.725
63100	4	1111	0.000180	0.000161	0.000130	0.000124	-29181.856
63200	4	1111	0.000246	0.000212	0.000171	0.000145	-29183.315
63300	4	1111	0.000321	0.000294	0.000235	0.000161	-29179.528
63400	4	1111	0.000185	0.000138	0.000129	0.000097	-29182.166
63500	4	1111	0.000270	0.000201	0.000197	0.000153	-29181.662
63600	4	1111	0.000248	0.000238	0.000232	0.000201	-29178.076
63700	4	1111	0.000235	0.000221	0.000211	0.000189	-29179.774
63800	4	1111	0.000222	0.000211	0.000209	0.000131	-29177.084
63900	4	1111	0.000152	0.000144	0.000126	0.000088	-29179.443
64000	4	1111	0.000239	0.000232	0.000222	0.000142	-29181.096
64100	4	1111	0.000293	0.000272	0.000257	0.000198	-29181.011
64200	4	1111	0.000281	0.000279	0.000277	0.000200	-29179.340
64300	4	1111	0.000173	0.000152	0.000149	0.000145	-29182.434
64400	4	1111	0.000235	0.000225	0.000203	0.000169	-29180.480
64500	4	1111	0.000196	0.000181	0.000160	0.000069	-29181.832
64600	4	1111	0.000298	0.000279	0.000198	0.000178	-29180.249
64700	4	1111	0.000182	0.000170	0.000102	0.000096	-29183.207
64800	4	1111	0.000211	0.000199	0.000166	0.000155	-29181.654
64900	4	1111	0.000191	0.000164	0.000159	0.000157	-29184.254
65000	4	1111	0.000256	0.000202	0.000183	0.000166	-29179.022
65100	4	1111	0.000265	0.000256	0.000206	0.000155	-29179.924
65200	4	1111	0.000270	0.000261	0.000249	0.000155	-29183.468
65300	4	1111	0.000196	0.000171	0.000169	0.000112	-29179.941
65400	4	1111	0.000246	0.000195	0.000183	0.000151	-29180.314
65500	4	1111	0.000350	0.000325	0.000294	0.000231	-29180.239
65600	4	1111	0.000228	0.000174	0.000162	0.000109	-29182.677
65700	4	1111	0.000201	0.000175	0.000169	0.000145	-29182.406
65800	4	1111	0.000227	0.000217	0.000197	0.000143	-29179.071
65900	4	1111	0.000241	0.000226	0.000221	0.000123	-29176.245
66000	4	1111	0.000188	0.000161	0.000155	0.000072	-29181.514
66100	4	1111	0.000209	0.000169	0.000160	0.000121	-29178.568
66200	4	1111	0.000293	0.000246	0.000215	0.000208	-29177.229
66300	4	1111	0.000214	0.000191	0.000171	0.000138	-29179.131
66400	4	1111	0.000138	0.000129	0.000111	0.000098	-29186.019
66500	4	1111	0.000225	0.000182	0.000164	0.000128	-29177.922
66600	4	1111	0.000243	0.000227	0.000220	0.000188	-29181.439
66700	4	1111	0.000192	0.000178	0.000174	0.000125	-29179.638
66800	4	1111	0.000268	0.000247	0.000244	0.000143	-29179.183
66900	4	1111	0.000264	0.000236	0.000226	0.000176	-29184.464
67000	4	1111	0.000216	0.000203	0.000195	0.000156	-29175.840
67100	4	1111	0.000154	0.000136	0.000133	0.000092	-29183.971
67200	4	1111	0.000206	0.000201	0.000151	0.000131	-29176.988
67300	4	1111	0.000172	0.000149	0.000125	0.000100	-29179.529
67400	4	1111	0.000185	0.000163	0.000160	0.000061	-29176.204
67500	4	1111	0.000164	0.000142	0.000131	0.000021	-29179.180
67600	4	1111	0.000221	0.000196	0.000193	0.000081	-29177.539
67700	4	1111	0.000179	0.000164	0.000089	0.000054	-29178.303
67800	4	1111	0.000185	0.000173	0.000167	0.000068	-29178.699
67900	4	1111	0.000193	0.000172	0.000149	0.000068	-29185.669
68000	4	1111	0.000219	0.000187	0.000187	0.000113	-29182.928
68100	4	1111	0.000159	0.000151	0.000134	0.000087	-29176.374
68200	4	1111	0.000260	0.000232	0.000225	0.000173	-29183.648
68300	4	1111	0.000222	0.000209	0.000097	0.000053	-29180.198
68400	4	1111	0.000325	0.000310	0.000293	0.000134	-29183.751
68500	4	1111	0.000188	0.000156	0.000151	0.000074	-29179.660
68600	4	1111	0.000172	0.000147	0.000146	0.000121	-29183.351
68700	4	1111	0.000176	0.000154	0.000125	0.000028	-29181.331
68800	4	1111	0.000270	0.000201	0.000129	0.000079	-29178.129
68900	4	1111	0.000235	0.000219	0.000098	0.000082	-29179.405
69000	4	1111	0.000221	0.000191	0.000127	0.000047	-29181.544
69100	4	1111	0.000181	0.000140	0.000139	0.000084	-29181.944
69200	4	1111	0.000224	0.000203	0.000185	0.000039	-29177.520
69300	4	1111	0.000134	0.000111	0.000103	0.000068	-29180.679
69400	4	1111	0.000220	0.000209	0.000201	0.000125	-29182.380
69500	4	1111	0.000282	0.000252	0.000244	0.000211	-29183.361
69600	4	1111	0.000244	0.000225	0.000194	0.000150	-29179.156
69700	4	1111	0.000321	0.000297	0.000276	0.000195	-29181.323
69800	4	1111	0.000186	0.000164	0.000153	0.000072	-29182.481
69900	4	1111	0.000237	0.000220	0.000208	0.000133	-29183.082
70000	4	1111	0.000176	0.000160	0.000157	0.000075	-29179.525
70100	4	1111	0.000158	0.000149	0.000138	0.000060	-29182.291
70200	4	1111	0.000188	0.000149	0.000113	0.000093	-29176.284
70300	4	1111	0.000259	0.000244	0.000240	0.000175	-29183.378
70400	4	1111	0.000217	0.000211	0.000206	0.000113	-29180.789
70500	4	1111	0.000166	0.000135	0.000134	0.000094	-29177.810
70600	4	1111	0.000234	0.000220	0.000219	0.000154	-29179.762
70700	4	1111	0.000158	0.000147	0.000133	0.000109	-29180.401
70800	4	1111	0.000181	0.000175	0.000174	0.000111	-29180.805
70900	4	1111	0.000176	0.000149	0.000147	0.000090	-29175.733
71000	4	1111	0.000351	0.000305	0.000297	0.000183	-29178.587
71100	4	1111	0.000193	0.000175	0.000169	0.000085	-29179.711
71200	4	1111	0.000150	0.000142	0.000137	0.000064	-29182.053
71300	4	1111	0.000172	0.000166	0.000150	0.000099	-29179.745
71400	4	1111	0.000251	0.000244	0.000237	0.000156	-29176.671
71500	4	1111	0.000260	0.000233	0.000232	0.000160	-29185.544
71600	4	1111	0.000144	0.000131	0.000116	0.000083	-29175.604
71700	4	1111	0.000198	0.000175	0.000174	0.000103	-29179.065
71800	4	1111	0.000141	0.000139	0.000135	0.000077	-29177.736
71900	4	1111	0.000181	0.000145	0.000134	0.000085	-29179.014
72000	4	1111	0.000285	0.000251	0.000232	0.000094	-29177.649
72100	4	1111	0.000315	0.000292	0.000222	0.000092	-29184.324
72200	4	1111	0.000221	0.000216	0.000209	0.000103	-29176.322
72300	4	1111	0.000220	0.000215	0.000172	0.000134	-29182.132
72400	4	1111	0.000207	0.000195	0.000194	0.000127	-29178.520
72500	4	1111	0.000144	0.000134	0.000133	0.000081	-29178.937
72600	4	1111	0.000136	0.000112	0.000100	0.000069	-29183.761
72700	4	1111	0.000174	0.000161	0.000154	0.000134	-29180.181
72800	4	1111	0.000166	0.000160	0.000157	0.000064	-29179.573
72900	4	1111	0.000253	0.000247	0.000232	0.000143	-29176.511
73000	4	1111	0.000164	0.000149	0.000144	0.000027	-29179.711
73100	4	1111	0.000122	0.000115	0.000107	0.000068	-29181.328
73200	4	1111	0.000186	0.000154	0.000150	0.000099	-29183.506
73300	4	1111	0.000126	0.000112	0.000099	0.000084	-29184.365
73400	4	1111	0.000221	0.000211	0.000196	0.000127	-29180.709
73500	4	1111	0.000215	0.000207	0.000197	0.000086	-29181.324
73600	4	1111	0.000184	0.000161	0.000140	0.000114	-29180.444
73700	4	1111	0.000111	0.000091	0.000082	0.000052	-29180.717
73800	4	1111	0.000154	0.000132	0.000131	0.000052	-29180.545
73900	4	1111	0.000128	0.000117	0.000105	0.000011	-29186.031
74000	4	1111	0.000176	0.000151	0.000142	0.000043	-29183.321
74100	3	1110	0.000130	0.000121	0.000103	-29182.075
74200	4	1111	0.000172	0.000131	0.000127	0.000086	-29183.249
74300	4	1111	0.000189	0.000178	0.000171	0.000097	-29178.067
74400	4	1111	0.000137	0.000123	0.000116	0.000084	-29182.159
74500	4	1111	0.000141	0.000134	0.000133	0.000072	-29177.761
74600	4	1111	0.000243	0.000233	0.000228	0.000107	-29177.567
74700	4	1111	0.000246	0.000235	0.000215	0.000089	-29177.965
74800	4	1111	0.000193	0.000165	0.000163	0.000095	-29177.481
74900	4	1111	0.000094	0.000084	0.000064	0.000048	-29181.645
75000	4	1111	0.000159	0.000149	0.000135	0.000109	-29184.982
75100	4	1111	0.000200	0.000184	0.000163	0.000101	-29183.069
75200	4	1111	0.000164	0.000152	0.000130	0.000093	-29182.497
75300	4	1111	0.000184	0.000159	0.000117	0.000091	-29178.668
75400	4	1111	0.000272	0.000254	0.000240	0.000115	-29183.496
75500	4	1111	0.000197	0.000174	0.000133	0.000088	-29176.839
75600	4	1111	0.000243	0.000221	0.000218	0.000078	-29178.742
75700	4	1111	0.000176	0.000157	0.000142	0.000062	-29181.976
75800	4	1111	0.000203	0.000180	0.000133	0.000079	-29178.121
75900	4	1111	0.000314	0.000281	0.000279	0.000228	-29184.091
76000	4	1111	0.000276	0.000264	0.000234	0.000199	-29180.927
76100	4	1111	0.000277	0.000267	0.000241	0.000143	-29175.972
76200	4	1111	0.000319	0.000281	0.000189	0.000103	-29176.726
76300	4	1111	0.000309	0.000247	0.000236	0.000134	-29182.686
76400	4	1111	0.000199	0.000170	0.000170	0.000125	-29181.893
76500	4	1111	0.000327	0.000253	0.000233	0.000139	-29178.017
76600	4	1111	0.000227	0.000176	0.000139	0.000050	-29180.265
76700	4	1111	0.000361	0.000302	0.000274	0.000194	-29176.831
76800	4	1111	0.000167	0.000161	0.000130	0.000093	-29183.180
76900	4	1111	0.000234	0.000172	0.000163	0.000090	-29179.184
77000	4	1111	0.000401	0.000364	0.000347	0.000147	-29178.339
77100	4	1111	0.000278	0.000211	0.000202	0.000103	-29178.363
77200	4	1111	0.000181	0.000115	0.000115	0.000063	-29180.442
77300	4	1111	0.000141	0.000128	0.000109	0.000061	-29182.952
77400	4	1111	0.000266	0.000232	0.000215	0.000127	-29177.629
77500	4	1111	0.000438	0.000362	0.000291	0.000173	-29182.462
77600	4	1111	0.000255	0.000237	0.000196	0.000115	-29177.161
77700	4	1111	0.000182	0.000158	0.000155	0.000123	-29178.217
77800	4	1111	0.000268	0.000259	0.000244	0.000166	-29183.018
77900	4	1111	0.000251	0.000223	0.000202	0.000103	-29181.715
78000	4	1111	0.000304	0.000255	0.000252	0.000196	-29180.737
78100	4	1111	0.000228	0.000216	0.000206	0.000158	-29180.382
78200	4	1111	0.000251	0.000237	0.000237	0.000161	-29181.589
78300	4	1111	0.000198	0.000178	0.000142	0.000074	-29177.790
78400	4	1111	0.000300	0.000294	0.000225	0.000100	-29182.747
78500	4	1111	0.000211	0.000200	0.000130	0.000083	-29184.264
78600	4	1111	0.000160	0.000122	0.000119	0.000058	-29178.072
78700	4	1111	0.000209	0.000155	0.000118	0.000040	-29181.181
78800	4	1111	0.000197	0.000183	0.000181	0.000123	-29184.667
78900	4	1111	0.000272	0.000216	0.000206	0.000076	-29180.405
79000	4	1111	0.000263	0.000199	0.000198	0.000108	-29179.609
79100	4	1111	0.000267	0.000253	0.000222	0.000162	-29178.777
79200	4	1111	0.000160	0.000139	0.000135	0.000037	-29179.626
79300	4	1111	0.000287	0.000242	0.000233	0.000105	-29179.872
79400	4	1111	0.000204	0.000188	0.000131	0.000087	-29180.348
79500	4	1111	0.000285	0.000263	0.000241	0.000122	-29182.693
79600	4	1111	0.000296	0.000284	0.000119	0.000069	-29173.159
79700	4	1111	0.000278	0.000267	0.000190	0.000038	-29181.840
79800	4	1111	0.000261	0.000236	0.000192	0.000069	-29178.875
79900	4	1111	0.000320	0.000275	0.000274	0.000138	-29184.060
80000	4	1111	0.000198	0.000182	0.000180	0.000112	-29182.463
80100	4	1111	0.000166	0.000148	0.000127	0.000097	-29179.347
80200	4	1111	0.000190	0.000155	0.000133	0.000042	-29182.731
80300	4	1111	0.000182	0.000148	0.000146	0.000117	-29179.175
80400	4	1111	0.000254	0.000224	0.000216	0.000114	-29180.590
80500	4	1111	0.000227	0.000203	0.000199	0.000094	-29180.557
80600	4	1111	0.000357	0.000332	0.000286	0.000141	-29183.677
80700	4	1111	0.000233	0.000225	0.000215	0.000079	-29180.637
80800	4	1111	0.000154	0.000130	0.000106	0.000095	-29182.043
80900	4	1111	0.000215	0.000210	0.000209	0.000114	-29174.571
81000	4	1111	0.000226	0.000190	0.000184	0.000091	-29179.088
81100	4	1111	0.000324	0.000291	0.000274	0.000084	-29182.040
81200	4	1111	0.000202	0.000182	0.000161	0.000127	-29182.643
81300	4	1111	0.000197	0.000148	0.000136	0.000090	-29182.840
81400	4	1111	0.000386	0.000336	0.000320	0.000130	-29180.681
81500	4	1111	0.000184	0.000154	0.000143	0.000120	-29184.203
81600	4	1111	0.000146	0.000117	0.000110	0.000084	-29181.806
81700	4	1111	0.000183	0.000175	0.000164	0.000135	-29182.635
81800	4	1111	0.000187	0.000173	0.000166	0.000122	-29182.648
81900	4	1111	0.000180	0.000163	0.000162	0.000089	-29179.834
82000	4	1111	0.000324	0.000279	0.000275	0.000114	-29182.598
82100	4	1111	0.000307	0.000300	0.000298	0.000224	-29184.312
82200	4	1111	0.000214	0.000196	0.000170	0.000115	-29181.816
82300	4	1111	0.000147	0.000132	0.000132	0.000075	-29179.336
82400	4	1111	0.000213	0.000197	0.000181	0.000095	-29184.278
82500	4	1111	0.000262	0.000240	0.000232	0.000120	-29178.487
82600	4	1111	0.000289	0.000253	0.000243	0.000169	-29180.908
82700	4	1111	0.000295	0.000280	0.000247	0.000124	-29175.299
82800	4	1111	0.000228	0.000209	0.000192	0.000173	-29178.161
82900	4	1111	0.000225	0.000213	0.000204	0.000182	-29180.614
83000	4	1111	0.000122	0.000105	0.000101	0.000052	-29180.750
83100	4	1111	0.000164	0.000157	0.000147	0.000109	-29179.931
83200	4	1111	0.000229	0.000207	0.000159	0.000109	-29184.570
83300	4	1111	0.000223	0.000185	0.000163	0.000083	-29179.126
83400	4	1111	0.000202	0.000190	0.000171	0.000081	-29182.430
83500	4	1111	0.000201	0.000186	0.000181	0.000113	-29176.728
83600	4	1111	0.000220	0.000186	0.000174	0.000087	-29183.260
83700	4	1111	0.000170	0.000163	0.000163	0.000125	-29179.964
83800	4	1111	0.000218	0.000192	0.000178	0.000108	-29180.639
83900	4	1111	0.000186	0.000166	0.000151	0.000060	-29182.685
84000	4	1111	0.000173	0.000156	0.000143	0.000087	-29182.518
84100	4	1111	0.000191	0.000180	0.000113	0.000087	-29179.521
84200	4	1111	0.000166	0.000159	0.000159	0.000092	-29177.524
84300	4	1111	0.000203	0.000196	0.000147	0.000094	-29174.694
84400	4	1111	0.000210	0.000171	0.000158	0.000092	-29180.002
84500	4	1111	0.000171	0.000164	0.000094	0.000070	-29180.262
84600	4	1111	0.000262	0.000243	0.000240	0.000208	-29184.921
84700	4	1111	0.000144	0.000107	0.000098	0.000050	-29180.758
84800	4	1111	0.000143	0.000132	0.000128	0.000049	-29179.078
84900	4	1111	0.000175	0.000167	0.000098	0.000072	-29181.838
85000	4	1111	0.000213	0.000194	0.000166	0.000083	-29179.827
85100	4	1111	0.000197	0.000174	0.000156	0.000065	-29176.489
85200	4	1111	0.000228	0.000202	0.000197	0.000030	-29177.530
85300	3	1110	0.000205	0.000186	0.000154	-29178.847
85400	4	1111	0.000137	0.000121	0.000100	0.000068	-29182.476
85500	4	1111	0.000234	0.000221	0.000220	0.000100	-29178.949
85600	4	1111	0.000121	0.000105	0.000104	0.000060	-29183.926
85700	4	1111	0.000200	0.000187	0.000186	0.000038	-29181.545
85800	4	1111	0.000209	0.000193	0.000146	0.000121	-29181.542
85900	4	1111	0.000258	0.000239	0.000239	0.000169	-29180.608
86000	4	1111	0.000268	0.000266	0.000246	0.000217	-29185.371
86100	4	1111	0.000286	0.000261	0.000239	0.000234	-29184.045
86200	4	1111	0.000219	0.000210	0.000208	0.000156	-29185.420
86300	4	1111	0.000260	0.000223	0.000203	0.000195	-29176.464
86400	4	1111	0.000270	0.000258	0.000257	0.000176	-29183.297
86500	4	1111	0.000223	0.000220	0.000208	0.000116	-29183.280
86600	4	1111	0.000199	0.000174	0.000172	0.000125	-29181.625
86700	4	1111	0.000300	0.000278	0.000273	0.000162	-29182.959
86800	4	1111	0.000298	0.000273	0.000273	0.000212	-29183.641
86900	4	1111	0.000278	0.000267	0.000258	0.000156	-29175.026
87000	4	1111	0.000323	0.000279	0.000268	0.000082	-29179.523
87100	4	1111	0.000246	0.000193	0.000191	0.000136	-29179.389
87200	4	1111	0.000233	0.000201	0.000197	0.000157	-29183.174
87300	4	1111	0.000176	0.000166	0.000109	0.000068	-29179.750
87400	4	1111	0.000151	0.000136	0.000136	0.000102	-29180.069
87500	4	1111	0.000221	0.000207	0.000169	0.000155	-29179.193
87600	4	1111	0.000257	0.000228	0.000226	0.000177	-29183.714
87700	4	1111	0.000294	0.000264	0.000261	0.000141	-29178.530
87800	4	1111	0.000222	0.000212	0.000205	0.000196	-29184.694
87900	4	1111	0.000233	0.000213	0.000197	0.000185	-29181.826
88000	4	1111	0.000294	0.000278	0.000270	0.000199	-29182.051
88100	4	1111	0.000356	0.000339	0.000338	0.000251	-29182.049
88200	4	1111	0.000242	0.000238	0.000238	0.000195	-29185.310
88300	4	1111	0.000251	0.000233	0.000211	0.000170	-29180.085
88400	4	1111	0.000191	0.000136	0.000121	0.000104	-29181.778
88500	4	1111	0.000194	0.000181	0.000168	0.000087	-29177.427
88600	4	1111	0.000328	0.000319	0.000299	0.000161	-29181.401
88700	4	1111	0.000248	0.000225	0.000222	0.000146	-29178.299
88800	4	1111	0.000275	0.000257	0.000255	0.000187	-29185.469
88900	4	1111	0.000344	0.000291	0.000291	0.000137	-29181.919
89000	4	1111	0.000179	0.000170	0.000161	0.000114	-29181.221
89100	4	1111	0.000173	0.000159	0.000108	0.000062	-29184.484
89200	4	1111	0.000298	0.000279	0.000273	0.000134	-29181.904
89300	4	1111	0.000260	0.000209	0.000201	0.000170	-29184.398
89400	4	1111	0.000360	0.000347	0.000317	0.000116	-29178.550
89500	4	1111	0.000245	0.000211	0.000185	0.000120	-29184.656
89600	4	1111	0.000284	0.000235	0.000218	0.000108	-29179.007
89700	4	1111	0.000228	0.000193	0.000188	0.000078	-29176.840
89800	4	1111	0.000254	0.000240	0.000233	0.000165	-29179.815
89900	4	1111	0.000247	0.000232	0.000182	0.000085	-29184.904
90000	4	1111	0.000211	0.000186	0.000163	0.000082	-29179.049
90100	4	1111	0.000389	0.000280	0.000255	0.000197	-29178.225
90200	4	1111	0.000365	0.000274	0.000273	0.000211	-29181.663
90300	4	1111	0.000335	0.000309	0.000274	0.000176	-29185.585
90400	4	1111	0.000646	0.000636	0.000635	0.000491	-29182.912
90500	4	1111	0.000372	0.000349	0.000342	0.000236	-29179.667
90600	4	1111	0.000192	0.000151	0.000128	0.000096	-29179.303
90700	4	1111	0.000261	0.000255	0.000245	0.000198	-29177.856
90800	4	1111	0.000373	0.000361	0.000353	0.000239	-29183.702
90900	4	1111	0.000223	0.000207	0.000194	0.000167	-29184.817
91000	4	1111	0.000369	0.000348	0.000335	0.000137	-29183.671
91100	4	1111	0.000337	0.000321	0.000290	0.000096	-29178.765
91200	4	1111	0.000588	0.000557	0.000525	0.000199	-29181.901
91300	4	1111	0.000313	0.000282	0.000282	0.000130	-29179.122
91400	4	1111	0.000217	0.000205	0.000188	0.000148	-29182.853
91500	4	1111	0.000271	0.000261	0.000254	0.000192	-29180.082
91600	4	1111	0.000195	0.000189	0.000188	0.000145	-29186.407
91700	4	1111	0.000463	0.000443	0.000429	0.000282	-29185.002
91800	4	1111	0.000386	0.000329	0.000294	0.000188	-29183.144
91900	4	1111	0.000309	0.000297	0.000207	0.000166	-29180.194
92000	4	1111	0.000394	0.000392	0.000270	0.000150	-29177.487
92100	4	1111	0.000270	0.000259	0.000257	0.000142	-29178.260
92200	4	1111	0.000349	0.000267	0.000257	0.000171	-29186.746
92300	4	1111	0.000402	0.000392	0.000355	0.000303	-29180.139
92400	4	1111	0.000388	0.000371	0.000324	0.000298	-29179.641
92500	4	1111	0.000308	0.000274	0.000259	0.000199	-29180.764
92600	4	1111	0.000370	0.000339	0.000332	0.000226	-29182.529
92700	4	1111	0.000237	0.000196	0.000192	0.000181	-29179.728
92800	4	1111	0.000205	0.000193	0.000164	0.000120	-29186.332
92900	4	1111	0.000258	0.000237	0.000232	0.000175	-29183.413
93000	4	1111	0.000266	0.000258	0.000257	0.000211	-29185.987
93100	4	1111	0.000311	0.000293	0.000267	0.000265	-29181.281
93200	4	1111	0.000361	0.000343	0.000326	0.000224	-29179.454
93300	4	1111	0.000339	0.000330	0.000314	0.000182	-29181.141
93400	4	1111	0.000280	0.000242	0.000187	0.000148	-29183.007
93500	4	1111	0.000257	0.000233	0.000210	0.000204	-29178.498
93600	4	1111	0.000196	0.000190	0.000147	0.000120	-29177.613
93700	4	1111	0.000306	0.000286	0.000266	0.000259	-29184.924
93800	4	1111	0.000345	0.000328	0.000315	0.000306	-29186.245
93900	4	1111	0.000413	0.000403	0.000388	0.000268	-29185.297
94000	4	1111	0.000200	0.000192	0.000177	0.000172	-29185.181
94100	4	1111	0.000417	0.000405	0.000392	0.000334	-29181.756
94200	4	1111	0.000268	0.000255	0.000251	0.000157	-29176.061
94300	4	1111	0.000253	0.000244	0.000228	0.000148	-29183.344
94400	4	1111	0.000322	0.000297	0.000189	0.000130	-29183.358
94500	4	1111	0.000289	0.000273	0.000232	0.000157	-29180.304
94600	4	1111	0.000193	0.000166	0.000164	0.000104	-29183.368
94700	4	1111	0.000282	0.000244	0.000230	0.000131	-29184.598
94800	4	1111	0.000213	0.000188	0.000164	0.000085	-29183.263
94900	4	1111	0.000281	0.000233	0.000228	0.000113	-29181.938
95000	4	1111	0.000353	0.000326	0.000315	0.000096	-29180.416
95100	4	1111	0.000331	0.000302	0.000259	0.000233	-29181.332
95200	4	1111	0.000354	0.000351	0.000276	0.000267	-29178.421
95300	4	1111	0.000522	0.000485	0.000473	0.000326	-29184.120
95400	4	1111	0.000372	0.000361	0.000306	0.000256	-29181.303
95500	4	1111	0.000482	0.000449	0.000445	0.000237	-29179.819
95600	4	1111	0.000165	0.000161	0.000149	0.000118	-29179.779
95700	4	1111	0.000508	0.000496	0.000489	0.000393	-29180.687
95800	4	1111	0.000267	0.000230	0.000216	0.000204	-29179.405
95900	4	1111	0.000253	0.000227	0.000221	0.000132	-29183.281
96000	4	1111	0.000297	0.000282	0.000228	0.000109	-29181.582
96100	4	1111	0.000303	0.000292	0.000289	0.000230	-29182.659
96200	4	1111	0.000316	0.000299	0.000293	0.000212	-29180.064
96300	4	1111	0.000207	0.000193	0.000184	0.000161	-29183.717
96400	4	1111	0.000256	0.000246	0.000240	0.000212	-29183.324
96500	4	1111	0.000374	0.000370	0.000365	0.000308	-29185.146
96600	4	1111	0.000215	0.000195	0.000194	0.000157	-29179.972
96700	4	1111	0.000406	0.000384	0.000368	0.000277	-29182.221
96800	4	1111	0.000330	0.000288	0.000283	0.000181	-29184.390
96900	4	1111	0.000176	0.000172	0.000140	0.000109	-29184.348
97000	4	1111	0.000203	0.000189	0.000180	0.000115	-29182.116
97100	4	1111	0.000272	0.000247	0.000224	0.000131	-29177.066
97200	4	1111	0.000275	0.000253	0.000244	0.000120	-29184.110
97300	4	1111	0.000375	0.000360	0.000287	0.000283	-29183.635
97400	4	1111	0.000178	0.000163	0.000137	0.000095	-29179.302
97500	4	1111	0.000139	0.000135	0.000119	0.000117	-29187.035
97600	4	1111	0.000402	0.000396	0.000336	0.000294	-29185.804
97700	4	1111	0.000297	0.000291	0.000285	0.000172	-29179.433
97800	4	1111	0.000271	0.000263	0.000235	0.000138	-29181.940
97900	4	1111	0.000378	0.000363	0.000289	0.000251	-29181.063
98000	4	1111	0.000240	0.000233	0.000228	0.000120	-29185.667
98100	4	1111	0.000368	0.000324	0.000263	0.000124	-29178.105
98200	4	1111	0.000332	0.000320	0.000277	0.000147	-29181.349
98300	4	1111	0.000236	0.000207	0.000203	0.000127	-29178.290
98400	4	1111	0.000259	0.000243	0.000240	0.000138	-29183.037
98500	4	1111	0.000265	0.000213	0.000204	0.000171	-29177.057
98600	4	1111	0.000229	0.000156	0.000143	0.000135	-29181.572
98700	4	1111	0.000259	0.000245	0.000232	0.000165	-29180.509
98800	4	1111	0.000213	0.000208	0.000202	0.000152	-29184.289
98900	4	1111	0.000228	0.000224	0.000211	0.000179	-29181.267
99000	4	1111	0.000275	0.000234	0.000199	0.000126	-29182.278
99100	4	1111	0.000122	0.000112	0.000095	0.000081	-29182.621
99200	4	1111	0.000276	0.000271	0.000248	0.000238	-29181.309
99300	4	1111	0.000163	0.000161	0.000132	0.000103	-29178.955
99400	4	1111	0.000283	0.000259	0.000253	0.000160	-29176.977
99500	4	1111	0.000471	0.000458	0.000457	0.000408	-29179.097
99600	4	1111	0.000425	0.000392	0.000386	0.000335	-29179.578
99700	4	1111	0.000175	0.000167	0.000157	0.000124	-29179.834
99800	4	1111	0.000223	0.000216	0.000196	0.000150	-29179.562
99900	4	1111	0.000286	0.000221	0.000216	0.000186	-29183.345
100000	4	1111	0.000232	0.000224	0.000194	0.000171	-29175.902
